t		0.00	0.42	0.84	1.26	1.68	2.11	2.53	2.95	3.37	3.79	4.21	4.63	5.05	5.47	5.89	6.32	6.74	7.16	7.58	8.00	
---------------------------------------------------------
0.00	|	0.000000	1.595568	3.013850	4.254848	5.318560	6.204986	6.914127	7.445983	7.800554	7.977839	7.977839	7.800554	7.445983	6.914127	6.204986	5.318560	4.254848	3.013850	1.595568	0.000000	
0.00	|	0.180334	1.590340	3.003367	4.244215	5.307923	6.194349	6.903490	7.435346	7.789917	7.967202	7.967202	7.789917	7.435346	6.903490	6.194349	5.307923	4.244215	3.003367	1.590340	0.180334	
0.00	|	0.340208	1.594755	2.993445	4.233606	5.297286	6.183712	6.892853	7.424709	7.779280	7.956565	7.956565	7.779280	7.424709	6.892853	6.183712	5.297286	4.233606	2.993445	1.594755	0.340208	
0.00	|	0.482908	1.606700	2.984512	4.223063	5.286654	6.173075	6.882216	7.414072	7.768643	7.945928	7.945928	7.768643	7.414072	6.882216	6.173075	5.286654	4.223063	2.984512	1.606700	0.482908	
0.01	|	0.611137	1.624490	2.976837	4.212642	5.276029	6.162439	6.871579	7.403435	7.758006	7.935291	7.935291	7.758006	7.403435	6.871579	6.162439	5.276029	4.212642	2.976837	1.624490	0.611137	
0.01	|	0.727118	1.646784	2.970582	4.202405	5.265421	6.151803	6.860942	7.392798	7.747368	7.924654	7.924654	7.747368	7.392798	6.860942	6.151803	5.265421	4.202405	2.970582	1.646784	0.727118	
0.01	|	0.832687	1.672512	2.965821	4.192416	5.254839	6.141170	6.850305	7.382161	7.736731	7.914017	7.914017	7.736731	7.382161	6.850305	6.141170	5.254839	4.192416	2.965821	1.672512	0.832687	
0.01	|	0.929364	1.700825	2.962572	4.182733	5.244297	6.130541	6.839669	7.371524	7.726094	7.903380	7.903380	7.726094	7.371524	6.839669	6.130541	5.244297	4.182733	2.962572	1.700825	0.929364	
0.01	|	1.018410	1.731048	2.960810	4.173409	5.233808	6.119917	6.829033	7.360887	7.715457	7.892742	7.892742	7.715457	7.360887	6.829033	6.119917	5.233808	4.173409	2.960810	1.731048	1.018410	
0.01	|	1.100875	1.762644	2.960480	4.164490	5.223390	6.109303	6.818397	7.350250	7.704820	7.882105	7.882105	7.704820	7.350250	6.818397	6.109303	5.223390	4.164490	2.960480	1.762644	1.100875	
0.01	|	1.177634	1.795189	2.961511	4.156013	5.213058	6.098701	6.807764	7.339613	7.694183	7.871468	7.871468	7.694183	7.339613	6.807764	6.098701	5.213058	4.156013	2.961511	1.795189	1.177634	
0.01	|	1.249423	1.828348	2.963818	4.148008	5.202830	6.088116	6.797132	7.328976	7.683546	7.860831	7.860831	7.683546	7.328976	6.797132	6.088116	5.202830	4.148008	2.963818	1.828348	1.249423	
0.02	|	1.316858	1.861858	2.967311	4.140498	5.192722	6.077551	6.786503	7.318340	7.672909	7.850194	7.850194	7.672909	7.318340	6.786503	6.077551	5.192722	4.140498	2.967311	1.861858	1.316858	
0.02	|	1.380461	1.895512	2.971900	4.133499	5.182751	6.067013	6.775879	7.307704	7.662272	7.839557	7.839557	7.662272	7.307704	6.775879	6.067013	5.182751	4.133499	2.971900	1.895512	1.380461	
0.02	|	1.440673	1.929148	2.977491	4.127020	5.172931	6.056506	6.765259	7.297069	7.651635	7.828920	7.828920	7.651635	7.297069	6.765259	6.056506	5.172931	4.127020	2.977491	1.929148	1.440673	
0.02	|	1.497868	1.962641	2.983998	4.121066	5.163277	6.046037	6.754646	7.286435	7.640998	7.818283	7.818283	7.640998	7.286435	6.754646	6.046037	5.163277	4.121066	2.983998	1.962641	1.497868	
0.02	|	1.552366	1.995896	2.991335	4.115636	5.153803	6.035611	6.744042	7.275802	7.630361	7.807646	7.807646	7.630361	7.275802	6.744042	6.035611	5.153803	4.115636	2.991335	1.995896	1.552366	
0.02	|	1.604442	2.028839	2.999423	4.110727	5.144520	6.025235	6.733447	7.265171	7.619725	7.797009	7.797009	7.619725	7.265171	6.733447	6.025235	5.144520	4.110727	2.999423	2.028839	1.604442	
0.02	|	1.654331	2.061415	3.008186	4.106330	5.135439	6.014914	6.722864	7.254542	7.609089	7.786372	7.786372	7.609089	7.254542	6.722864	6.014914	5.135439	4.106330	3.008186	2.061415	1.654331	
0.02	|	1.702237	2.093584	3.017554	4.102437	5.126568	6.004655	6.712295	7.243916	7.598453	7.775735	7.775735	7.598453	7.243916	6.712295	6.004655	5.126568	4.102437	3.017554	2.093584	1.702237	
0.03	|	1.748336	2.125318	3.027464	4.099033	5.117917	5.994464	6.701743	7.233292	7.587818	7.765098	7.765098	7.587818	7.233292	6.701743	5.994464	5.117917	4.099033	3.027464	2.125318	1.748336	
0.03	|	1.792784	2.156596	3.037857	4.096107	5.109491	5.984346	6.691209	7.222673	7.577184	7.754461	7.754461	7.577184	7.222673	6.691209	5.984346	5.109491	4.096107	3.037857	2.156596	1.792784	
0.03	|	1.835714	2.187407	3.048677	4.093642	5.101296	5.974307	6.680696	7.212058	7.566550	7.743825	7.743825	7.566550	7.212058	6.680696	5.974307	5.101296	4.093642	3.048677	2.187407	1.835714	
0.03	|	1.877246	2.217744	3.059876	4.091621	5.093335	5.964354	6.670207	7.201449	7.555918	7.733188	7.733188	7.555918	7.201449	6.670207	5.964354	5.093335	4.091621	3.059876	2.217744	1.877246	
0.03	|	1.917483	2.247603	3.071409	4.090029	5.085613	5.954490	6.659744	7.190846	7.545287	7.722552	7.722552	7.545287	7.190846	6.659744	5.954490	5.085613	4.090029	3.071409	2.247603	1.917483	
0.03	|	1.956518	2.276987	3.083235	4.088848	5.078131	5.944721	6.649310	7.180250	7.534657	7.711916	7.711916	7.534657	7.180250	6.649310	5.944721	5.078131	4.088848	3.083235	2.276987	1.956518	
0.03	|	1.994434	2.305899	3.095315	4.088061	5.070891	5.935052	6.638908	7.169663	7.524029	7.701281	7.701281	7.524029	7.169663	6.638908	5.935052	5.070891	4.088061	3.095315	2.305899	1.994434	
0.03	|	2.031305	2.334345	3.107618	4.087650	5.063891	5.925487	6.628539	7.159084	7.513403	7.690646	7.690646	7.513403	7.159084	6.628539	5.925487	5.063891	4.087650	3.107618	2.334345	2.031305	
0.04	|	2.067195	2.362331	3.120112	4.087598	5.057133	5.916029	6.618208	7.148516	7.502780	7.680012	7.680012	7.502780	7.148516	6.618208	5.916029	5.057133	4.087598	3.120112	2.362331	2.067195	
0.04	|	2.102165	2.389866	3.132770	4.087887	5.050614	5.906682	6.607916	7.137959	7.492160	7.669378	7.669378	7.492160	7.137959	6.607916	5.906682	5.050614	4.087887	3.132770	2.389866	2.102165	
0.04	|	2.136269	2.416960	3.145566	4.088502	5.044333	5.897450	6.597666	7.127416	7.481543	7.658746	7.658746	7.481543	7.127416	6.597666	5.897450	5.044333	4.088502	3.145566	2.416960	2.136269	
0.04	|	2.169554	2.443621	3.158479	4.089427	5.038287	5.888336	6.587461	7.116885	7.470929	7.648114	7.648114	7.470929	7.116885	6.587461	5.888336	5.038287	4.089427	3.158479	2.443621	2.169554	
0.04	|	2.202066	2.469860	3.171487	4.090644	5.032474	5.879341	6.577303	7.106371	7.460320	7.637484	7.637484	7.460320	7.106371	6.577303	5.879341	5.032474	4.090644	3.171487	2.469860	2.202066	
0.04	|	2.233844	2.495686	3.184573	4.092140	5.026890	5.870468	6.567195	7.095872	7.449715	7.626855	7.626855	7.449715	7.095872	6.567195	5.870468	5.026890	4.092140	3.184573	2.495686	2.233844	
0.04	|	2.264926	2.521110	3.197721	4.093899	5.021531	5.861719	6.557139	7.085391	7.439116	7.616227	7.616227	7.439116	7.085391	6.557139	5.861719	5.021531	4.093899	3.197721	2.521110	2.264926	
0.04	|	2.295345	2.546142	3.210914	4.095907	5.016394	5.853096	6.547136	7.074929	7.428522	7.605601	7.605601	7.428522	7.074929	6.547136	5.853096	5.016394	4.095907	3.210914	2.546142	2.295345	
0.05	|	2.325132	2.570792	3.224141	4.098152	5.011475	5.844601	6.537190	7.064488	7.417934	7.594978	7.594978	7.417934	7.064488	6.537190	5.844601	5.011475	4.098152	3.224141	2.570792	2.325132	
0.05	|	2.354317	2.595070	3.237388	4.100619	5.006768	5.836233	6.527302	7.054068	7.407354	7.584356	7.584356	7.407354	7.054068	6.527302	5.836233	5.006768	4.100619	3.237388	2.595070	2.354317	
0.05	|	2.382926	2.618985	3.250645	4.103296	5.002270	5.827993	6.517474	7.043671	7.396781	7.573738	7.573738	7.396781	7.043671	6.517474	5.827993	5.002270	4.103296	3.250645	2.618985	2.382926	
0.05	|	2.410983	2.642547	3.263902	4.106172	4.997976	5.819884	6.507709	7.033298	7.386216	7.563122	7.563122	7.386216	7.033298	6.507709	5.819884	4.997976	4.106172	3.263902	2.642547	2.410983	
0.05	|	2.438512	2.665764	3.277151	4.109234	4.993880	5.811904	6.498007	7.022951	7.375660	7.552509	7.552509	7.375660	7.022951	6.498007	5.811904	4.993880	4.109234	3.277151	2.665764	2.438512	
0.05	|	2.465534	2.688647	3.290382	4.112474	4.989979	5.804053	6.488371	7.012630	7.365113	7.541900	7.541900	7.365113	7.012630	6.488371	5.804053	4.989979	4.112474	3.290382	2.688647	2.465534	
0.05	|	2.492069	2.711203	3.303590	4.115879	4.986266	5.796333	6.478801	7.002338	7.354576	7.531295	7.531295	7.354576	7.002338	6.478801	5.796333	4.986266	4.115879	3.303590	2.711203	2.492069	
0.05	|	2.518135	2.733441	3.316768	4.119441	4.982738	5.788741	6.469299	6.992075	7.344051	7.520694	7.520694	7.344051	6.992075	6.469299	5.788741	4.982738	4.119441	3.316768	2.733441	2.518135	
0.06	|	2.543751	2.755370	3.329909	4.123149	4.979388	5.781279	6.459868	6.981843	7.333537	7.510098	7.510098	7.333537	6.981843	6.459868	5.781279	4.979388	4.123149	3.329909	2.755370	2.543751	
0.06	|	2.568932	2.776996	3.343009	4.126996	4.976213	5.773945	6.450506	6.971642	7.323035	7.499507	7.499507	7.323035	6.971642	6.450506	5.773945	4.976213	4.126996	3.343009	2.776996	2.568932	
0.06	|	2.593694	2.798327	3.356064	4.130973	4.973208	5.766738	6.441217	6.961474	7.312547	7.488921	7.488921	7.312547	6.961474	6.441217	5.766738	4.973208	4.130973	3.356064	2.798327	2.593694	
0.06	|	2.618051	2.819372	3.369068	4.135071	4.970366	5.759658	6.432000	6.951340	7.302072	7.478342	7.478342	7.302072	6.951340	6.432000	5.759658	4.970366	4.135071	3.369068	2.819372	2.618051	
0.06	|	2.642017	2.840136	3.382019	4.139284	4.967685	5.752704	6.422857	6.941242	7.291612	7.467769	7.467769	7.291612	6.941242	6.422857	5.752704	4.967685	4.139284	3.382019	2.840136	2.642017	
0.06	|	2.665606	2.860627	3.394912	4.143604	4.965158	5.745874	6.413788	6.931179	7.281167	7.457203	7.457203	7.281167	6.931179	6.413788	5.745874	4.965158	4.143604	3.394912	2.860627	2.665606	
0.06	|	2.688828	2.880851	3.407746	4.148024	4.962782	5.739167	6.404795	6.921154	7.270738	7.446645	7.446645	7.270738	6.921154	6.404795	5.739167	4.962782	4.148024	3.407746	2.880851	2.688828	
0.06	|	2.711697	2.900815	3.420517	4.152539	4.960551	5.732582	6.395876	6.911167	7.260326	7.436095	7.436095	7.260326	6.911167	6.395876	5.732582	4.960551	4.152539	3.420517	2.900815	2.711697	
0.07	|	2.734222	2.920524	3.433223	4.157140	4.958462	5.726118	6.387034	6.901219	7.249931	7.425553	7.425553	7.249931	6.901219	6.387034	5.726118	4.958462	4.157140	3.433223	2.920524	2.734222	
0.07	|	2.756414	2.939985	3.445862	4.161824	4.956509	5.719773	6.378269	6.891311	7.239555	7.415021	7.415021	7.239555	6.891311	6.378269	5.719773	4.956509	4.161824	3.445862	2.939985	2.756414	
0.07	|	2.778284	2.959204	3.458433	4.166585	4.954689	5.713545	6.369580	6.881443	7.229198	7.404498	7.404498	7.229198	6.881443	6.369580	5.713545	4.954689	4.166585	3.458433	2.959204	2.778284	
0.07	|	2.799840	2.978185	3.470932	4.171416	4.952997	5.707433	6.360968	6.871618	7.218861	7.393985	7.393985	7.218861	6.871618	6.360968	5.707433	4.952997	4.171416	3.470932	2.978185	2.799840	
0.07	|	2.821091	2.996934	3.483360	4.176314	4.951430	5.701436	6.352434	6.861835	7.208544	7.383483	7.383483	7.208544	6.861835	6.352434	5.701436	4.951430	4.176314	3.483360	2.996934	2.821091	
0.07	|	2.842046	3.015457	3.495715	4.181273	4.949982	5.695551	6.343977	6.852095	7.198249	7.372993	7.372993	7.198249	6.852095	6.343977	5.695551	4.949982	4.181273	3.495715	3.015457	2.842046	
0.07	|	2.862714	3.033758	3.507996	4.186290	4.948651	5.689778	6.335597	6.842400	7.187976	7.362514	7.362514	7.187976	6.842400	6.335597	5.689778	4.948651	4.186290	3.507996	3.033758	2.862714	
0.07	|	2.883101	3.051843	3.520201	4.191359	4.947432	5.684114	6.327295	6.832748	7.177725	7.352048	7.352048	7.177725	6.832748	6.327295	5.684114	4.947432	4.191359	3.520201	3.051843	2.883101	
0.08	|	2.903215	3.069715	3.532331	4.196478	4.946322	5.678557	6.319070	6.823143	7.167498	7.341596	7.341596	7.167498	6.823143	6.319070	5.678557	4.946322	4.196478	3.532331	3.069715	2.903215	
0.08	|	2.923064	3.087379	3.544385	4.201641	4.945317	5.673106	6.310922	6.813583	7.157294	7.331157	7.331157	7.157294	6.813583	6.310922	5.673106	4.945317	4.201641	3.544385	3.087379	2.923064	
0.08	|	2.942654	3.104840	3.556361	4.206846	4.944414	5.667759	6.302851	6.804069	7.147116	7.320732	7.320732	7.147116	6.804069	6.302851	5.667759	4.944414	4.206846	3.556361	3.104840	2.942654	
0.08	|	2.961992	3.122101	3.568260	4.212089	4.943609	5.662515	6.294857	6.794602	7.136963	7.310323	7.310323	7.136963	6.794602	6.294857	5.662515	4.943609	4.212089	3.568260	3.122101	2.961992	
0.08	|	2.981083	3.139168	3.580081	4.217367	4.942899	5.657371	6.286939	6.785183	7.126836	7.299929	7.299929	7.126836	6.785183	6.286939	5.657371	4.942899	4.217367	3.580081	3.139168	2.981083	
0.08	|	2.999935	3.156043	3.591825	4.222677	4.942280	5.652325	6.279098	6.775812	7.116736	7.289552	7.289552	7.116736	6.775812	6.279098	5.652325	4.942280	4.222677	3.591825	3.156043	2.999935	
0.08	|	3.018552	3.172730	3.603490	4.228016	4.941750	5.647377	6.271332	6.766488	7.106663	7.279192	7.279192	7.106663	6.766488	6.271332	5.647377	4.941750	4.228016	3.603490	3.172730	3.018552	
0.08	|	3.036940	3.189234	3.615077	4.233381	4.941306	5.642524	6.263642	6.757214	7.096619	7.268849	7.268849	7.096619	6.757214	6.263642	5.642524	4.941306	4.233381	3.615077	3.189234	3.036940	
0.09	|	3.055105	3.205558	3.626585	4.238769	4.940944	5.637764	6.256026	6.747989	7.086603	7.258525	7.258525	7.086603	6.747989	6.256026	5.637764	4.940944	4.238769	3.626585	3.205558	3.055105	
0.09	|	3.073052	3.221705	3.638016	4.244179	4.940662	5.633096	6.248485	6.738812	7.076616	7.248219	7.248219	7.076616	6.738812	6.248485	5.633096	4.940662	4.244179	3.638016	3.221705	3.073052	
0.09	|	3.090784	3.237679	3.649368	4.249607	4.940457	5.628518	6.241019	6.729686	7.066659	7.237933	7.237933	7.066659	6.729686	6.241019	5.628518	4.940457	4.249607	3.649368	3.237679	3.090784	
0.09	|	3.108309	3.253482	3.660642	4.255051	4.940326	5.624028	6.233625	6.720609	7.056732	7.227666	7.227666	7.056732	6.720609	6.233625	5.624028	4.940326	4.255051	3.660642	3.253482	3.108309	
0.09	|	3.125628	3.269118	3.671838	4.260509	4.940267	5.619625	6.226305	6.711583	7.046837	7.217421	7.217421	7.046837	6.711583	6.226305	5.619625	4.940267	4.260509	3.671838	3.269118	3.125628	
0.09	|	3.142748	3.284591	3.682956	4.265980	4.940277	5.615306	6.219057	6.702606	7.036972	7.207197	7.207197	7.036972	6.702606	6.219057	5.615306	4.940277	4.265980	3.682956	3.284591	3.142748	
0.09	|	3.159673	3.299903	3.693997	4.271461	4.940353	5.611070	6.211880	6.693681	7.027140	7.196994	7.196994	7.027140	6.693681	6.211880	5.611070	4.940353	4.271461	3.693997	3.299903	3.159673	
0.09	|	3.176406	3.315056	3.704961	4.276951	4.940495	5.606916	6.204775	6.684806	7.017340	7.186814	7.186814	7.017340	6.684806	6.204775	5.606916	4.940495	4.276951	3.704961	3.315056	3.176406	
0.10	|	3.192951	3.330054	3.715847	4.282447	4.940698	5.602842	6.197741	6.675981	7.007573	7.176658	7.176658	7.007573	6.675981	6.197741	5.602842	4.940698	4.282447	3.715847	3.330054	3.192951	
0.10	|	3.209312	3.344900	3.726658	4.287948	4.940961	5.598846	6.190776	6.667208	6.997839	7.166524	7.166524	6.997839	6.667208	6.190776	5.598846	4.940961	4.287948	3.726658	3.344900	3.209312	
0.10	|	3.225494	3.359596	3.737391	4.293453	4.941281	5.594927	6.183880	6.658485	6.988140	7.156416	7.156416	6.988140	6.658485	6.183880	5.594927	4.941281	4.293453	3.737391	3.359596	3.225494	
0.10	|	3.241499	3.374145	3.748050	4.298959	4.941658	5.591082	6.177054	6.649814	6.978474	7.146332	7.146332	6.978474	6.649814	6.177054	5.591082	4.941658	4.298959	3.748050	3.374145	3.241499	
0.10	|	3.257330	3.388548	3.758632	4.304467	4.942087	5.587311	6.170295	6.641193	6.968843	7.136273	7.136273	6.968843	6.641193	6.170295	5.587311	4.942087	4.304467	3.758632	3.388548	3.257330	
0.10	|	3.272993	3.402810	3.769140	4.309973	4.942569	5.583613	6.163603	6.632624	6.959248	7.126240	7.126240	6.959248	6.632624	6.163603	5.583613	4.942569	4.309973	3.769140	3.402810	3.272993	
0.10	|	3.288488	3.416931	3.779573	4.315478	4.943100	5.579984	6.156978	6.624106	6.949688	7.116234	7.116234	6.949688	6.624106	6.156978	5.579984	4.943100	4.315478	3.779573	3.416931	3.288488	
0.10	|	3.303820	3.430915	3.789932	4.320979	4.943679	5.576425	6.150419	6.615638	6.940164	7.106255	7.106255	6.940164	6.615638	6.150419	5.576425	4.943679	4.320979	3.789932	3.430915	3.303820	
0.11	|	3.318992	3.444763	3.800217	4.326475	4.944305	5.572933	6.143925	6.607222	6.930676	7.096303	7.096303	6.930676	6.607222	6.143925	5.572933	4.944305	4.326475	3.800217	3.444763	3.318992	
0.11	|	3.334007	3.458478	3.810428	4.331967	4.944975	5.569508	6.137495	6.598857	6.921225	7.086380	7.086380	6.921225	6.598857	6.137495	5.569508	4.944975	4.331967	3.810428	3.458478	3.334007	
0.11	|	3.348867	3.472062	3.820567	4.337451	4.945687	5.566147	6.131129	6.590543	6.911811	7.076485	7.076485	6.911811	6.590543	6.131129	5.566147	4.945687	4.337451	3.820567	3.472062	3.348867	
0.11	|	3.363575	3.485516	3.830634	4.342928	4.946441	5.562850	6.124827	6.582280	6.902434	7.066619	7.066619	6.902434	6.582280	6.124827	5.562850	4.946441	4.342928	3.830634	3.485516	3.363575	
0.11	|	3.378134	3.498844	3.840629	4.348397	4.947234	5.559615	6.118586	6.574067	6.893095	7.056783	7.056783	6.893095	6.574067	6.118586	5.559615	4.947234	4.348397	3.840629	3.498844	3.378134	
0.11	|	3.392547	3.512046	3.850552	4.353856	4.948065	5.556440	6.112407	6.565905	6.883793	7.046977	7.046977	6.883793	6.565905	6.112407	5.556440	4.948065	4.353856	3.850552	3.512046	3.392547	
0.11	|	3.406815	3.525125	3.860405	4.359305	4.948933	5.553325	6.106289	6.557794	6.874530	7.037201	7.037201	6.874530	6.557794	6.106289	5.553325	4.948933	4.359305	3.860405	3.525125	3.406815	
0.11	|	3.420942	3.538083	3.870187	4.364743	4.949836	5.550268	6.100232	6.549733	6.865306	7.027457	7.027457	6.865306	6.549733	6.100232	5.550268	4.949836	4.364743	3.870187	3.538083	3.420942	
0.12	|	3.434930	3.550922	3.879899	4.370169	4.950773	5.547268	6.094234	6.541722	6.856120	7.017743	7.017743	6.856120	6.541722	6.094234	5.547268	4.950773	4.370169	3.879899	3.550922	3.434930	
0.12	|	3.448781	3.563643	3.889542	4.375583	4.951742	5.544324	6.088294	6.533762	6.846973	7.008062	7.008062	6.846973	6.533762	6.088294	5.544324	4.951742	4.375583	3.889542	3.563643	3.448781	
0.12	|	3.462498	3.576247	3.899116	4.380983	4.952743	5.541434	6.082413	6.525851	6.837865	6.998413	6.998413	6.837865	6.525851	6.082413	5.541434	4.952743	4.380983	3.899116	3.576247	3.462498	
0.12	|	3.476082	3.588738	3.908622	4.386370	4.953774	5.538598	6.076589	6.517991	6.828797	6.988796	6.988796	6.828797	6.517991	6.076589	5.538598	4.953774	4.386370	3.908622	3.588738	3.476082	
0.12	|	3.489536	3.601116	3.918060	4.391742	4.954833	5.535814	6.070822	6.510180	6.819768	6.979213	6.979213	6.819768	6.510180	6.070822	5.535814	4.954833	4.391742	3.918060	3.601116	3.489536	
0.12	|	3.502862	3.613382	3.927431	4.397099	4.955920	5.533081	6.065111	6.502418	6.810780	6.969663	6.969663	6.810780	6.502418	6.065111	5.533081	4.955920	4.397099	3.927431	3.613382	3.502862	
0.12	|	3.516062	3.625540	3.936735	4.402440	4.957033	5.530397	6.059455	6.494706	6.801831	6.960147	6.960147	6.801831	6.494706	6.059455	5.530397	4.957033	4.402440	3.936735	3.625540	3.516062	
0.12	|	3.529138	3.637589	3.945972	4.407765	4.958172	5.527763	6.053854	6.487043	6.792923	6.950666	6.950666	6.792923	6.487043	6.053854	5.527763	4.958172	4.407765	3.945972	3.637589	3.529138	
0.13	|	3.542091	3.649532	3.955144	4.413073	4.959335	5.525177	6.048306	6.479429	6.784055	6.941218	6.941218	6.784055	6.479429	6.048306	5.525177	4.959335	4.413073	3.955144	3.649532	3.542091	
0.13	|	3.554925	3.661371	3.964251	4.418365	4.960521	5.522637	6.042812	6.471863	6.775227	6.931806	6.931806	6.775227	6.471863	6.042812	5.522637	4.960521	4.418365	3.964251	3.661371	3.554925	
0.13	|	3.567639	3.673105	3.973293	4.423638	4.961729	5.520143	6.037371	6.464346	6.766441	6.922429	6.922429	6.766441	6.464346	6.037371	5.520143	4.961729	4.423638	3.973293	3.673105	3.567639	
0.13	|	3.580237	3.684738	3.982270	4.428894	4.962959	5.517694	6.031982	6.456878	6.757695	6.913088	6.913088	6.757695	6.456878	6.031982	5.517694	4.962959	4.428894	3.982270	3.684738	3.580237	
0.13	|	3.592720	3.696270	3.991184	4.434131	4.964209	5.515289	6.026644	6.449457	6.748990	6.903782	6.903782	6.748990	6.449457	6.026644	5.515289	4.964209	4.434131	3.991184	3.696270	3.592720	
0.13	|	3.605090	3.707702	4.000034	4.439349	4.965479	5.512927	6.021357	6.442084	6.740326	6.894513	6.894513	6.740326	6.442084	6.021357	5.512927	4.965479	4.439349	4.000034	3.707702	3.605090	
0.13	|	3.617348	3.719037	4.008822	4.444549	4.966767	5.510607	6.016119	6.434759	6.731703	6.885280	6.885280	6.731703	6.434759	6.016119	5.510607	4.966767	4.444549	4.008822	3.719037	3.617348	
0.13	|	3.629496	3.730274	4.017547	4.449728	4.968073	5.508327	6.010931	6.427480	6.723122	6.876084	6.876084	6.723122	6.427480	6.010931	5.508327	4.968073	4.449728	4.017547	3.730274	3.629496	
0.14	|	3.641536	3.741417	4.026211	4.454888	4.969396	5.506088	6.005792	6.420249	6.714582	6.866925	6.866925	6.714582	6.420249	6.005792	5.506088	4.969396	4.454888	4.026211	3.741417	3.641536	
0.14	|	3.653468	3.752465	4.034814	4.460028	4.970735	5.503888	6.000701	6.413065	6.706083	6.857803	6.857803	6.706083	6.413065	6.000701	5.503888	4.970735	4.460028	4.034814	3.752465	3.653468	
0.14	|	3.665296	3.763420	4.043355	4.465147	4.972089	5.501727	5.995658	6.405928	6.697626	6.848718	6.848718	6.697626	6.405928	5.995658	5.501727	4.972089	4.465147	4.043355	3.763420	3.665296	
0.14	|	3.677019	3.774283	4.051837	4.470246	4.973458	5.499603	5.990662	6.398837	6.689210	6.839672	6.839672	6.689210	6.398837	5.990662	5.499603	4.973458	4.470246	4.051837	3.774283	3.677019	
0.14	|	3.688640	3.785055	4.060258	4.475323	4.974841	5.497516	5.985712	6.391792	6.680837	6.830663	6.830663	6.680837	6.391792	5.985712	5.497516	4.974841	4.475323	4.060258	3.785055	3.688640	
0.14	|	3.700159	3.795738	4.068620	4.480380	4.976237	5.495465	5.980808	6.384792	6.672504	6.821693	6.821693	6.672504	6.384792	5.980808	5.495465	4.976237	4.480380	4.068620	3.795738	3.700159	
0.14	|	3.711579	3.806332	4.076924	4.485415	4.977645	5.493449	5.975949	6.377839	6.664214	6.812761	6.812761	6.664214	6.377839	5.975949	5.493449	4.977645	4.485415	4.076924	3.806332	3.711579	
0.14	|	3.722901	3.816839	4.085168	4.490428	4.979065	5.491468	5.971134	6.370930	6.655965	6.803867	6.803867	6.655965	6.370930	5.971134	5.491468	4.979065	4.490428	4.085168	3.816839	3.722901	
0.15	|	3.734125	3.827259	4.093355	4.495420	4.980497	5.489521	5.966364	6.364067	6.647758	6.795012	6.795012	6.647758	6.364067	5.966364	5.489521	4.980497	4.495420	4.093355	3.827259	3.734125	
0.15	|	3.745253	3.837595	4.101485	4.500390	4.981939	5.487606	5.961637	6.357249	6.639593	6.786197	6.786197	6.639593	6.357249	5.961637	5.487606	4.981939	4.500390	4.101485	3.837595	3.745253	
0.15	|	3.756287	3.847846	4.109557	4.505337	4.983390	5.485724	5.956953	6.350475	6.631469	6.777420	6.777420	6.631469	6.350475	5.956953	5.485724	4.983390	4.505337	4.109557	3.847846	3.756287	
0.15	|	3.767228	3.858014	4.117573	4.510262	4.984852	5.483873	5.952312	6.343745	6.623387	6.768683	6.768683	6.623387	6.343745	5.952312	5.483873	4.984852	4.510262	4.117573	3.858014	3.767228	
0.15	|	3.778077	3.868099	4.125533	4.515165	4.986322	5.482054	5.947712	6.337060	6.615347	6.759985	6.759985	6.615347	6.337060	5.947712	5.482054	4.986322	4.515165	4.125533	3.868099	3.778077	
0.15	|	3.788834	3.878104	4.133437	4.520045	4.987801	5.480264	5.943154	6.330418	6.607349	6.751326	6.751326	6.607349	6.330418	5.943154	5.480264	4.987801	4.520045	4.133437	3.878104	3.788834	
0.15	|	3.799502	3.888027	4.141286	4.524903	4.989287	5.478504	5.938637	6.323820	6.599393	6.742707	6.742707	6.599393	6.323820	5.938637	5.478504	4.989287	4.524903	4.141286	3.888027	3.799502	
0.15	|	3.810081	3.897872	4.149080	4.529737	4.990780	5.476774	5.934160	6.317265	6.591478	6.734129	6.734129	6.591478	6.317265	5.934160	5.476774	4.990780	4.529737	4.149080	3.897872	3.810081	
0.16	|	3.820572	3.907638	4.156820	4.534549	4.992281	5.475071	5.929723	6.310753	6.583605	6.725589	6.725589	6.583605	6.310753	5.929723	5.475071	4.992281	4.534549	4.156820	3.907638	3.820572	
0.16	|	3.830977	3.917326	4.164506	4.539338	4.993787	5.473397	5.925325	6.304283	6.575774	6.717090	6.717090	6.575774	6.304283	5.925325	5.473397	4.993787	4.539338	4.164506	3.917326	3.830977	
0.16	|	3.841297	3.926938	4.172139	4.544103	4.995300	5.471749	5.920966	6.297856	6.567984	6.708632	6.708632	6.567984	6.297856	5.920966	5.471749	4.995300	4.544103	4.172139	3.926938	3.841297	
0.16	|	3.851532	3.936474	4.179718	4.548845	4.996817	5.470128	5.916646	6.291472	6.560236	6.700213	6.700213	6.560236	6.291472	5.916646	5.470128	4.996817	4.548845	4.179718	3.936474	3.851532	
0.16	|	3.861683	3.945935	4.187245	4.553565	4.998340	5.468534	5.912363	6.285129	6.552530	6.691834	6.691834	6.552530	6.285129	5.912363	5.468534	4.998340	4.553565	4.187245	3.945935	3.861683	
0.16	|	3.871752	3.955321	4.194719	4.558260	4.999867	5.466964	5.908118	6.278828	6.544865	6.683496	6.683496	6.544865	6.278828	5.908118	5.466964	4.999867	4.558260	4.194719	3.955321	3.871752	
0.16	|	3.881740	3.964635	4.202142	4.562932	5.001399	5.465420	5.903910	6.272568	6.537241	6.675199	6.675199	6.537241	6.272568	5.903910	5.465420	5.001399	4.562932	4.202142	3.964635	3.881740	
0.16	|	3.891648	3.973875	4.209514	4.567581	5.002934	5.463900	5.899738	6.266349	6.529659	6.666941	6.666941	6.529659	6.266349	5.899738	5.463900	5.002934	4.567581	4.209514	3.973875	3.891648	
0.17	|	3.901475	3.983044	4.216834	4.572207	5.004472	5.462404	5.895602	6.260172	6.522118	6.658725	6.658725	6.522118	6.260172	5.895602	5.462404	5.004472	4.572207	4.216834	3.983044	3.901475	
0.17	|	3.911225	3.992142	4.224104	4.576808	5.006014	5.460932	5.891502	6.254035	6.514618	6.650549	6.650549	6.514618	6.254035	5.891502	5.460932	5.006014	4.576808	4.224104	3.992142	3.911225	
0.17	|	3.920896	4.001170	4.231323	4.581387	5.007558	5.459482	5.887438	6.247938	6.507159	6.642413	6.642413	6.507159	6.247938	5.887438	5.459482	5.007558	4.581387	4.231323	4.001170	3.920896	
0.17	|	3.930491	4.010128	4.238493	4.585941	5.009104	5.458055	5.883408	6.241881	6.499742	6.634318	6.634318	6.499742	6.241881	5.883408	5.458055	5.009104	4.585941	4.238493	4.010128	3.930491	
0.17	|	3.940009	4.019018	4.245614	4.590472	5.010652	5.456650	5.879412	6.235864	6.492365	6.626264	6.626264	6.492365	6.235864	5.879412	5.456650	5.010652	4.590472	4.245614	4.019018	3.940009	
0.17	|	3.949453	4.027839	4.252685	4.594980	5.012202	5.455267	5.875450	6.229887	6.485030	6.618250	6.618250	6.485030	6.229887	5.875450	5.455267	5.012202	4.594980	4.252685	4.027839	3.949453	
0.17	|	3.958823	4.036593	4.259708	4.599464	5.013753	5.453904	5.871522	6.223949	6.477735	6.610277	6.610277	6.477735	6.223949	5.871522	5.453904	5.013753	4.599464	4.259708	4.036593	3.958823	
0.17	|	3.968118	4.045281	4.266682	4.603924	5.015305	5.452563	5.867627	6.218050	6.470480	6.602345	6.602345	6.470480	6.218050	5.867627	5.452563	5.015305	4.603924	4.266682	4.045281	3.968118	
0.18	|	3.977342	4.053902	4.273609	4.608360	5.016858	5.451241	5.863765	6.212190	6.463267	6.594454	6.594454	6.463267	6.212190	5.863765	5.451241	5.016858	4.608360	4.273609	4.053902	3.977342	
0.18	|	3.986493	4.062459	4.280488	4.612773	5.018411	5.449939	5.859935	6.206368	6.456093	6.586603	6.586603	6.456093	6.206368	5.859935	5.449939	5.018411	4.612773	4.280488	4.062459	3.986493	
0.18	|	3.995574	4.070950	4.287320	4.617163	5.019965	5.448657	5.856137	6.200585	6.448961	6.578793	6.578793	6.448961	6.200585	5.856137	5.448657	5.019965	4.617163	4.287320	4.070950	3.995574	
0.18	|	4.004584	4.079378	4.294105	4.621528	5.021518	5.447394	5.852371	6.194839	6.441868	6.571023	6.571023	6.441868	6.194839	5.852371	5.447394	5.021518	4.621528	4.294105	4.079378	4.004584	
0.18	|	4.013525	4.087742	4.300843	4.625871	5.023071	5.446149	5.848636	6.189132	6.434816	6.563294	6.563294	6.434816	6.189132	5.848636	5.446149	5.023071	4.625871	4.300843	4.087742	4.013525	
0.18	|	4.022397	4.096044	4.307536	4.630189	5.024623	5.444922	5.844932	6.183462	6.427803	6.555606	6.555606	6.427803	6.183462	5.844932	5.444922	5.024623	4.630189	4.307536	4.096044	4.022397	
0.18	|	4.031201	4.104284	4.314183	4.634484	5.026175	5.443714	5.841258	6.177829	6.420831	6.547958	6.547958	6.420831	6.177829	5.841258	5.443714	5.026175	4.634484	4.314183	4.104284	4.031201	
0.18	|	4.039937	4.112462	4.320785	4.638756	5.027725	5.442523	5.837615	6.172233	6.413898	6.540350	6.540350	6.413898	6.172233	5.837615	5.442523	5.027725	4.638756	4.320785	4.112462	4.039937	
0.19	|	4.048607	4.120580	4.327341	4.643004	5.029274	5.441349	5.834001	6.166674	6.407005	6.532783	6.532783	6.407005	6.166674	5.834001	5.441349	5.029274	4.643004	4.327341	4.120580	4.048607	
0.19	|	4.057211	4.128637	4.333853	4.647229	5.030821	5.440192	5.830417	6.161152	6.400152	6.525257	6.525257	6.400152	6.161152	5.830417	5.440192	5.030821	4.647229	4.333853	4.128637	4.057211	
0.19	|	4.065750	4.136635	4.340320	4.651430	5.032367	5.439051	5.826862	6.155666	6.393338	6.517771	6.517771	6.393338	6.155666	5.826862	5.439051	5.032367	4.651430	4.340320	4.136635	4.065750	
0.19	|	4.074224	4.144574	4.346744	4.655608	5.033911	5.437927	5.823336	6.150216	6.386563	6.510325	6.510325	6.386563	6.150216	5.823336	5.437927	5.033911	4.655608	4.346744	4.144574	4.074224	
0.19	|	4.082634	4.152454	4.353124	4.659763	5.035453	5.436818	5.819839	6.144802	6.379828	6.502919	6.502919	6.379828	6.144802	5.819839	5.436818	5.035453	4.659763	4.353124	4.152454	4.082634	
0.19	|	4.090981	4.160276	4.359460	4.663894	5.036992	5.435725	5.816369	6.139423	6.373131	6.495554	6.495554	6.373131	6.139423	5.816369	5.435725	5.036992	4.663894	4.359460	4.160276	4.090981	
0.19	|	4.099265	4.168041	4.365754	4.668002	5.038529	5.434648	5.812928	6.134080	6.366473	6.488229	6.488229	6.366473	6.134080	5.812928	5.434648	5.038529	4.668002	4.365754	4.168041	4.099265	
0.19	|	4.107487	4.175749	4.372005	4.672088	5.040063	5.433585	5.809514	6.128772	6.359854	6.480943	6.480943	6.359854	6.128772	5.809514	5.433585	5.040063	4.672088	4.372005	4.175749	4.107487	
0.20	|	4.115648	4.183400	4.378213	4.676150	5.041594	5.432536	5.806127	6.123499	6.353274	6.473698	6.473698	6.353274	6.123499	5.806127	5.432536	5.041594	4.676150	4.378213	4.183400	4.115648	
0.20	|	4.123748	4.190996	4.384380	4.680189	5.043123	5.431502	5.802767	6.118260	6.346732	6.466492	6.466492	6.346732	6.118260	5.802767	5.431502	5.043123	4.680189	4.384380	4.190996	4.123748	
0.20	|	4.131788	4.198537	4.390504	4.684205	5.044648	5.430482	5.799434	6.113056	6.340229	6.459327	6.459327	6.340229	6.113056	5.799434	5.430482	5.044648	4.684205	4.390504	4.198537	4.131788	
0.20	|	4.139768	4.206023	4.396588	4.688198	5.046170	5.429476	5.796128	6.107886	6.333763	6.452201	6.452201	6.333763	6.107886	5.796128	5.429476	5.046170	4.688198	4.396588	4.206023	4.139768	
0.20	|	4.147689	4.213454	4.402630	4.692168	5.047688	5.428484	5.792847	6.102750	6.327336	6.445114	6.445114	6.327336	6.102750	5.792847	5.428484	5.047688	4.692168	4.402630	4.213454	4.147689	
0.20	|	4.155552	4.220832	4.408631	4.696116	5.049203	5.427504	5.789592	6.097648	6.320946	6.438067	6.438067	6.320946	6.097648	5.789592	5.427504	5.049203	4.696116	4.408631	4.220832	4.155552	
0.20	|	4.163357	4.228157	4.414592	4.700040	5.050714	5.426538	5.786363	6.092579	6.314594	6.431059	6.431059	6.314594	6.092579	5.786363	5.426538	5.050714	4.700040	4.414592	4.228157	4.163357	
0.20	|	4.171104	4.235429	4.420513	4.703943	5.052221	5.425584	5.783159	6.087544	6.308280	6.424091	6.424091	6.308280	6.087544	5.783159	5.425584	5.052221	4.703943	4.420513	4.235429	4.171104	
0.21	|	4.178795	4.242648	4.426394	4.707822	5.053724	5.424643	5.779980	6.082541	6.302003	6.417162	6.417162	6.302003	6.082541	5.779980	5.424643	5.053724	4.707822	4.426394	4.242648	4.178795	
0.21	|	4.186429	4.249816	4.432235	4.711679	5.055223	5.423714	5.776826	6.077572	6.295764	6.410272	6.410272	6.295764	6.077572	5.776826	5.423714	5.055223	4.711679	4.432235	4.249816	4.186429	
0.21	|	4.194008	4.256932	4.438037	4.715514	5.056717	5.422797	5.773696	6.072635	6.289561	6.403421	6.403421	6.289561	6.072635	5.773696	5.422797	5.056717	4.715514	4.438037	4.256932	4.194008	
0.21	|	4.201532	4.263998	4.443800	4.719327	5.058208	5.421892	5.770591	6.067730	6.283396	6.396609	6.396609	6.283396	6.067730	5.770591	5.421892	5.058208	4.719327	4.443800	4.263998	4.201532	
0.21	|	4.209000	4.271013	4.449524	4.723117	5.059694	5.420999	5.767509	6.062858	6.277267	6.389835	6.389835	6.277267	6.062858	5.767509	5.420999	5.059694	4.723117	4.449524	4.271013	4.209000	
0.21	|	4.216415	4.277978	4.455210	4.726885	5.061175	5.420117	5.764451	6.058017	6.271175	6.383101	6.383101	6.271175	6.058017	5.764451	5.420117	5.061175	4.726885	4.455210	4.277978	4.216415	
0.21	|	4.223776	4.284893	4.460857	4.730631	5.062652	5.419246	5.761417	6.053209	6.265119	6.376404	6.376404	6.265119	6.053209	5.761417	5.419246	5.062652	4.730631	4.460857	4.284893	4.223776	
0.21	|	4.231083	4.291760	4.466467	4.734355	5.064124	5.418386	5.758405	6.048431	6.259100	6.369746	6.369746	6.259100	6.048431	5.758405	5.418386	5.064124	4.734355	4.466467	4.291760	4.231083	
0.22	|	4.238338	4.298577	4.472039	4.738057	5.065591	5.417537	5.755417	6.043686	6.253116	6.363127	6.363127	6.253116	6.043686	5.755417	5.417537	5.065591	4.738057	4.472039	4.298577	4.238338	
0.22	|	4.245541	4.305347	4.477574	4.741737	5.067053	5.416698	5.752452	6.038971	6.247169	6.356545	6.356545	6.247169	6.038971	5.752452	5.416698	5.067053	4.741737	4.477574	4.305347	4.245541	
0.22	|	4.252692	4.312068	4.483072	4.745395	5.068510	5.415870	5.749509	6.034287	6.241258	6.350001	6.350001	6.241258	6.034287	5.749509	5.415870	5.068510	4.745395	4.483072	4.312068	4.252692	
0.22	|	4.259791	4.318742	4.488532	4.749032	5.069962	5.415052	5.746588	6.029634	6.235382	6.343496	6.343496	6.235382	6.029634	5.746588	5.415052	5.069962	4.749032	4.488532	4.318742	4.259791	
0.22	|	4.266840	4.325369	4.493957	4.752647	5.071409	5.414243	5.743690	6.025011	6.229541	6.337028	6.337028	6.229541	6.025011	5.743690	5.414243	5.071409	4.752647	4.493957	4.325369	4.266840	
0.22	|	4.273839	4.331949	4.499345	4.756241	5.072851	5.413445	5.740813	6.020419	6.223736	6.330597	6.330597	6.223736	6.020419	5.740813	5.413445	5.072851	4.756241	4.499345	4.331949	4.273839	
0.22	|	4.280787	4.338483	4.504697	4.759813	5.074287	5.412656	5.737958	6.015857	6.217967	6.324204	6.324204	6.217967	6.015857	5.737958	5.412656	5.074287	4.759813	4.504697	4.338483	4.280787	
0.22	|	4.287686	4.344972	4.510013	4.763364	5.075718	5.411877	5.735125	6.011324	6.212232	6.317849	6.317849	6.212232	6.011324	5.735125	5.411877	5.075718	4.763364	4.510013	4.344972	4.287686	
0.23	|	4.294536	4.351414	4.515294	4.766893	5.077144	5.411107	5.732312	6.006821	6.206532	6.311530	6.311530	6.206532	6.006821	5.732312	5.411107	5.077144	4.766893	4.515294	4.351414	4.294536	
0.23	|	4.301337	4.357812	4.520540	4.770402	5.078564	5.410346	5.729521	6.002348	6.200866	6.305249	6.305249	6.200866	6.002348	5.729521	5.410346	5.078564	4.770402	4.520540	4.357812	4.301337	
0.23	|	4.308090	4.364165	4.525750	4.773889	5.079978	5.409594	5.726750	5.997904	6.195235	6.299004	6.299004	6.195235	5.997904	5.726750	5.409594	5.079978	4.773889	4.525750	4.364165	4.308090	
0.23	|	4.314795	4.370473	4.530926	4.777356	5.081387	5.408851	5.724001	5.993489	6.189639	6.292796	6.292796	6.189639	5.993489	5.724001	5.408851	5.081387	4.777356	4.530926	4.370473	4.314795	
0.23	|	4.321453	4.376738	4.536068	4.780802	5.082790	5.408116	5.721271	5.989103	6.184076	6.286625	6.286625	6.184076	5.989103	5.721271	5.408116	5.082790	4.780802	4.536068	4.376738	4.321453	
0.23	|	4.328064	4.382959	4.541175	4.784226	5.084187	5.407390	5.718562	5.984746	6.178548	6.280490	6.280490	6.178548	5.984746	5.718562	5.407390	5.084187	4.784226	4.541175	4.382959	4.328064	
0.23	|	4.334628	4.389137	4.546248	4.787631	5.085579	5.406672	5.715872	5.980417	6.173053	6.274392	6.274392	6.173053	5.980417	5.715872	5.406672	5.085579	4.787631	4.546248	4.389137	4.334628	
0.23	|	4.341146	4.395272	4.551288	4.791014	5.086965	5.405963	5.713203	5.976117	6.167592	6.268330	6.268330	6.167592	5.976117	5.713203	5.405963	5.086965	4.791014	4.551288	4.395272	4.341146	
0.24	|	4.347618	4.401364	4.556294	4.794378	5.088345	5.405261	5.710553	5.971845	6.162164	6.262303	6.262303	6.162164	5.971845	5.710553	5.405261	5.088345	4.794378	4.556294	4.401364	4.347618	
0.24	|	4.354045	4.407414	4.561266	4.797720	5.089719	5.404568	5.707923	5.967600	6.156770	6.256313	6.256313	6.156770	5.967600	5.707923	5.404568	5.089719	4.797720	4.561266	4.407414	4.354045	
0.24	|	4.360427	4.413422	4.566206	4.801043	5.091087	5.403882	5.705312	5.963384	6.151409	6.250358	6.250358	6.151409	5.963384	5.705312	5.403882	5.091087	4.801043	4.566206	4.413422	4.360427	
0.24	|	4.366764	4.419389	4.571113	4.804345	5.092449	5.403204	5.702720	5.959195	6.146081	6.244439	6.244439	6.146081	5.959195	5.702720	5.403204	5.092449	4.804345	4.571113	4.419389	4.366764	
0.24	|	4.373057	4.425314	4.575987	4.807628	5.093805	5.402533	5.700147	5.955033	6.140786	6.238555	6.238555	6.140786	5.955033	5.700147	5.402533	5.093805	4.807628	4.575987	4.425314	4.373057	
0.24	|	4.379306	4.431199	4.580829	4.810890	5.095155	5.401870	5.697592	5.950898	6.135523	6.232707	6.232707	6.135523	5.950898	5.697592	5.401870	5.095155	4.810890	4.580829	4.431199	4.379306	
0.24	|	4.385511	4.437043	4.585639	4.814132	5.096499	5.401214	5.695057	5.946791	6.130293	6.226893	6.226893	6.130293	5.946791	5.695057	5.401214	5.096499	4.814132	4.585639	4.437043	4.385511	
0.24	|	4.391674	4.442847	4.590417	4.817355	5.097837	5.400565	5.692539	5.942710	6.125095	6.221114	6.221114	6.125095	5.942710	5.692539	5.400565	5.097837	4.817355	4.590417	4.442847	4.391674	
0.25	|	4.397793	4.448611	4.595163	4.820557	5.099168	5.399923	5.690040	5.938657	6.119929	6.215371	6.215371	6.119929	5.938657	5.690040	5.399923	5.099168	4.820557	4.595163	4.448611	4.397793	
0.25	|	4.403870	4.454335	4.599878	4.823741	5.100494	5.399289	5.687559	5.934629	6.114795	6.209661	6.209661	6.114795	5.934629	5.687559	5.399289	5.100494	4.823741	4.599878	4.454335	4.403870	
0.25	|	4.409905	4.460020	4.604562	4.826904	5.101813	5.398661	5.685096	5.930628	6.109693	6.203987	6.203987	6.109693	5.930628	5.685096	5.398661	5.101813	4.826904	4.604562	4.460020	4.409905	
0.25	|	4.415898	4.465666	4.609214	4.830049	5.103127	5.398039	5.682651	5.926653	6.104622	6.198346	6.198346	6.104622	5.926653	5.682651	5.398039	5.103127	4.830049	4.609214	4.465666	4.415898	
0.25	|	4.421849	4.471274	4.613836	4.833174	5.104434	5.397424	5.680223	5.922704	6.099583	6.192740	6.192740	6.099583	5.922704	5.680223	5.397424	5.104434	4.833174	4.613836	4.471274	4.421849	
0.25	|	4.427760	4.476843	4.618427	4.836279	5.105734	5.396816	5.677813	5.918781	6.094575	6.187167	6.187167	6.094575	5.918781	5.677813	5.396816	5.105734	4.836279	4.618427	4.476843	4.427760	
0.25	|	4.433630	4.482374	4.622988	4.839366	5.107029	5.396214	5.675419	5.914883	6.089599	6.181629	6.181629	6.089599	5.914883	5.675419	5.396214	5.107029	4.839366	4.622988	4.482374	4.433630	
0.25	|	4.439459	4.487867	4.627519	4.842434	5.108317	5.395618	5.673043	5.911011	6.084653	6.176124	6.176124	6.084653	5.911011	5.673043	5.395618	5.108317	4.842434	4.627519	4.487867	4.439459	
0.26	|	4.445248	4.493323	4.632020	4.845482	5.109599	5.395029	5.670684	5.907164	6.079738	6.170652	6.170652	6.079738	5.907164	5.670684	5.395029	5.109599	4.845482	4.632020	4.493323	4.445248	
0.26	|	4.450997	4.498742	4.636491	4.848512	5.110875	5.394445	5.668342	5.903342	6.074854	6.165214	6.165214	6.074854	5.903342	5.668342	5.394445	5.110875	4.848512	4.636491	4.498742	4.450997	
0.26	|	4.456707	4.504124	4.640933	4.851523	5.112144	5.393868	5.666017	5.899545	6.070000	6.159809	6.159809	6.070000	5.899545	5.666017	5.393868	5.112144	4.851523	4.640933	4.504124	4.456707	
0.26	|	4.462377	4.509469	4.645345	4.854516	5.113407	5.393296	5.663708	5.895773	6.065176	6.154437	6.154437	6.065176	5.895773	5.663708	5.393296	5.113407	4.854516	4.645345	4.509469	4.462377	
0.26	|	4.468009	4.514778	4.649728	4.857490	5.114664	5.392731	5.661415	5.892026	6.060383	6.149097	6.149097	6.060383	5.892026	5.661415	5.392731	5.114664	4.857490	4.649728	4.514778	4.468009	
0.26	|	4.473602	4.520051	4.654082	4.860445	5.115914	5.392170	5.659139	5.888303	6.055619	6.143791	6.143791	6.055619	5.888303	5.659139	5.392170	5.115914	4.860445	4.654082	4.520051	4.473602	
0.26	|	4.479157	4.525288	4.658408	4.863383	5.117158	5.391616	5.656879	5.884604	6.050885	6.138517	6.138517	6.050885	5.884604	5.656879	5.391616	5.117158	4.863383	4.658408	4.525288	4.479157	
0.26	|	4.484674	4.530490	4.662705	4.866302	5.118396	5.391067	5.654634	5.880929	6.046181	6.133275	6.133275	6.046181	5.880929	5.654634	5.391067	5.118396	4.866302	4.662705	4.530490	4.484674	
0.27	|	4.490153	4.535656	4.666974	4.869202	5.119627	5.390523	5.652406	5.877279	6.041506	6.128065	6.128065	6.041506	5.877279	5.652406	5.390523	5.119627	4.869202	4.666974	4.535656	4.490153	
0.27	|	4.495595	4.540788	4.671215	4.872085	5.120853	5.389985	5.650193	5.873652	6.036861	6.122888	6.122888	6.036861	5.873652	5.650193	5.389985	5.120853	4.872085	4.671215	4.540788	4.495595	
0.27	|	4.500999	4.545884	4.675427	4.874950	5.122071	5.389452	5.647996	5.870049	6.032244	6.117742	6.117742	6.032244	5.870049	5.647996	5.389452	5.122071	4.874950	4.675427	4.545884	4.500999	
0.27	|	4.506367	4.550947	4.679612	4.877797	5.123284	5.388925	5.645814	5.866469	6.027657	6.112628	6.112628	6.027657	5.866469	5.645814	5.388925	5.123284	4.877797	4.679612	4.550947	4.506367	
0.27	|	4.511699	4.555975	4.683770	4.880626	5.124490	5.388402	5.643648	5.862912	6.023098	6.107545	6.107545	6.023098	5.862912	5.643648	5.388402	5.124490	4.880626	4.683770	4.555975	4.511699	
0.27	|	4.516994	4.560969	4.687900	4.883438	5.125690	5.387885	5.641496	5.859379	6.018568	6.102494	6.102494	6.018568	5.859379	5.641496	5.387885	5.125690	4.883438	4.687900	4.560969	4.516994	
0.27	|	4.522253	4.565930	4.692003	4.886232	5.126883	5.387372	5.639360	5.855869	6.014067	6.097474	6.097474	6.014067	5.855869	5.639360	5.387372	5.126883	4.886232	4.692003	4.565930	4.522253	
0.27	|	4.527476	4.570857	4.696079	4.889009	5.128070	5.386864	5.637239	5.852382	6.009593	6.092485	6.092485	6.009593	5.852382	5.637239	5.386864	5.128070	4.889009	4.696079	4.570857	4.527476	
0.28	|	4.532664	4.575751	4.700128	4.891768	5.129251	5.386362	5.635132	5.848917	6.005148	6.087527	6.087527	6.005148	5.848917	5.635132	5.386362	5.129251	4.891768	4.700128	4.575751	4.532664	
0.28	|	4.537817	4.580612	4.704150	4.894510	5.130425	5.385864	5.633040	5.845475	6.000731	6.082600	6.082600	6.000731	5.845475	5.633040	5.385864	5.130425	4.894510	4.704150	4.580612	4.537817	
0.28	|	4.542935	4.585440	4.708146	4.897235	5.131594	5.385370	5.630963	5.842056	5.996342	6.077703	6.077703	5.996342	5.842056	5.630963	5.385370	5.131594	4.897235	4.708146	4.585440	4.542935	
0.28	|	4.548018	4.590236	4.712116	4.899942	5.132756	5.384882	5.628900	5.838658	5.991980	6.072836	6.072836	5.991980	5.838658	5.628900	5.384882	5.132756	4.899942	4.712116	4.590236	4.548018	
0.28	|	4.553067	4.595000	4.716060	4.902633	5.133911	5.384397	5.626852	5.835283	5.987646	6.068000	6.068000	5.987646	5.835283	5.626852	5.384397	5.133911	4.902633	4.716060	4.595000	4.553067	
0.28	|	4.558082	4.599732	4.719978	4.905307	5.135061	5.383918	5.624818	5.831930	5.983339	6.063194	6.063194	5.983339	5.831930	5.624818	5.383918	5.135061	4.905307	4.719978	4.599732	4.558082	
0.28	|	4.563063	4.604432	4.723870	4.907964	5.136204	5.383442	5.622797	5.828599	5.979059	6.058417	6.058417	5.979059	5.828599	5.622797	5.383442	5.136204	4.907964	4.723870	4.604432	4.563063	
0.28	|	4.568011	4.609100	4.727737	4.910604	5.137340	5.382972	5.620791	5.825289	5.974806	6.053671	6.053671	5.974806	5.825289	5.620791	5.382972	5.137340	4.910604	4.727737	4.609100	4.568011	
0.29	|	4.572925	4.613737	4.731578	4.913228	5.138471	5.382505	5.618799	5.822001	5.970581	6.048953	6.048953	5.970581	5.822001	5.618799	5.382505	5.138471	4.913228	4.731578	4.613737	4.572925	
0.29	|	4.577806	4.618344	4.735394	4.915836	5.139595	5.382043	5.616820	5.818734	5.966382	6.044266	6.044266	5.966382	5.818734	5.616820	5.382043	5.139595	4.915836	4.735394	4.618344	4.577806	
0.29	|	4.582654	4.622919	4.739185	4.918427	5.140714	5.381585	5.614855	5.815489	5.962209	6.039607	6.039607	5.962209	5.815489	5.614855	5.381585	5.140714	4.918427	4.739185	4.622919	4.582654	
0.29	|	4.587470	4.627464	4.742951	4.921001	5.141826	5.381131	5.612904	5.812265	5.958063	6.034978	6.034978	5.958063	5.812265	5.612904	5.381131	5.141826	4.921001	4.742951	4.627464	4.587470	
0.29	|	4.592253	4.631978	4.746693	4.923559	5.142931	5.380681	5.610966	5.809061	5.953943	6.030377	6.030377	5.953943	5.809061	5.610966	5.380681	5.142931	4.923559	4.746693	4.631978	4.592253	
0.29	|	4.597004	4.636463	4.750409	4.926102	5.144031	5.380235	5.609041	5.805879	5.949849	6.025806	6.025806	5.949849	5.805879	5.609041	5.380235	5.144031	4.926102	4.750409	4.636463	4.597004	
0.29	|	4.601723	4.640917	4.754102	4.928628	5.145124	5.379793	5.607129	5.802717	5.945781	6.021263	6.021263	5.945781	5.802717	5.607129	5.379793	5.145124	4.928628	4.754102	4.640917	4.601723	
0.29	|	4.606411	4.645342	4.757770	4.931138	5.146212	5.379355	5.605231	5.799576	5.941739	6.016748	6.016748	5.941739	5.799576	5.605231	5.379355	5.146212	4.931138	4.757770	4.645342	4.606411	
0.30	|	4.611067	4.649737	4.761415	4.933633	5.147293	5.378921	5.603346	5.796455	5.937723	6.012261	6.012261	5.937723	5.796455	5.603346	5.378921	5.147293	4.933633	4.761415	4.649737	4.611067	
0.30	|	4.615691	4.654103	4.765035	4.936111	5.148368	5.378491	5.601473	5.793355	5.933732	6.007803	6.007803	5.933732	5.793355	5.601473	5.378491	5.148368	4.936111	4.765035	4.654103	4.615691	
0.30	|	4.620285	4.658439	4.768632	4.938574	5.149437	5.378064	5.599613	5.790275	5.929766	6.003373	6.003373	5.929766	5.790275	5.599613	5.378064	5.149437	4.938574	4.768632	4.658439	4.620285	
0.30	|	4.624849	4.662747	4.772205	4.941022	5.150500	5.377641	5.597766	5.787214	5.925825	5.998970	5.998970	5.925825	5.787214	5.597766	5.377641	5.150500	4.941022	4.772205	4.662747	4.624849	
0.30	|	4.629381	4.667027	4.775755	4.943454	5.151556	5.377222	5.595932	5.784174	5.921910	5.994595	5.994595	5.921910	5.784174	5.595932	5.377222	5.151556	4.943454	4.775755	4.667027	4.629381	
0.30	|	4.633884	4.671277	4.779282	4.945870	5.152607	5.376806	5.594110	5.781154	5.918019	5.990248	5.990248	5.918019	5.781154	5.594110	5.376806	5.152607	4.945870	4.779282	4.671277	4.633884	
0.30	|	4.638356	4.675500	4.782785	4.948272	5.153652	5.376394	5.592301	5.778153	5.914153	5.985928	5.985928	5.914153	5.778153	5.592301	5.376394	5.153652	4.948272	4.782785	4.675500	4.638356	
0.30	|	4.642798	4.679695	4.786266	4.950658	5.154691	5.375986	5.590504	5.775171	5.910312	5.981635	5.981635	5.910312	5.775171	5.590504	5.375986	5.154691	4.950658	4.786266	4.679695	4.642798	
0.31	|	4.647211	4.683861	4.789724	4.953029	5.155723	5.375581	5.588719	5.772209	5.906495	5.977369	5.977369	5.906495	5.772209	5.588719	5.375581	5.155723	4.953029	4.789724	4.683861	4.647211	
0.31	|	4.651594	4.688000	4.793159	4.955384	5.156750	5.375180	5.586946	5.769267	5.902703	5.973130	5.973130	5.902703	5.769267	5.586946	5.375180	5.156750	4.955384	4.793159	4.688000	4.651594	
0.31	|	4.655949	4.692112	4.796572	4.957725	5.157771	5.374782	5.585185	5.766343	5.898934	5.968918	5.968918	5.898934	5.766343	5.585185	5.374782	5.157771	4.957725	4.796572	4.692112	4.655949	
0.31	|	4.660274	4.696196	4.799962	4.960052	5.158786	5.374387	5.583436	5.763439	5.895190	5.964732	5.964732	5.895190	5.763439	5.583436	5.374387	5.158786	4.960052	4.799962	4.696196	4.660274	
0.31	|	4.664570	4.700253	4.803331	4.962363	5.159795	5.373995	5.581699	5.760553	5.891469	5.960572	5.960572	5.891469	5.760553	5.581699	5.373995	5.159795	4.962363	4.803331	4.700253	4.664570	
0.31	|	4.668838	4.704283	4.806677	4.964660	5.160798	5.373607	5.579974	5.757686	5.887772	5.956439	5.956439	5.887772	5.757686	5.579974	5.373607	5.160798	4.964660	4.806677	4.704283	4.668838	
0.31	|	4.673077	4.708287	4.810001	4.966942	5.161795	5.373222	5.578261	5.754838	5.884099	5.952332	5.952332	5.884099	5.754838	5.578261	5.373222	5.161795	4.966942	4.810001	4.708287	4.673077	
0.31	|	4.677288	4.712264	4.813304	4.969209	5.162787	5.372841	5.576559	5.752008	5.880449	5.948251	5.948251	5.880449	5.752008	5.576559	5.372841	5.162787	4.969209	4.813304	4.712264	4.677288	
0.32	|	4.681471	4.716215	4.816585	4.971462	5.163773	5.372462	5.574868	5.749197	5.876822	5.944196	5.944196	5.876822	5.749197	5.574868	5.372462	5.163773	4.971462	4.816585	4.716215	4.681471	
0.32	|	4.685627	4.720139	4.819845	4.973701	5.164752	5.372087	5.573189	5.746404	5.873218	5.940166	5.940166	5.873218	5.746404	5.573189	5.372087	5.164752	4.973701	4.819845	4.720139	4.685627	
0.32	|	4.689754	4.724038	4.823083	4.975926	5.165727	5.371714	5.571522	5.743629	5.869638	5.936162	5.936162	5.869638	5.743629	5.571522	5.371714	5.165727	4.975926	4.823083	4.724038	4.689754	
0.32	|	4.693855	4.727911	4.826301	4.978136	5.166695	5.371345	5.569865	5.740872	5.866080	5.932183	5.932183	5.866080	5.740872	5.569865	5.371345	5.166695	4.978136	4.826301	4.727911	4.693855	
0.32	|	4.697928	4.731758	4.829497	4.980333	5.167658	5.370979	5.568220	5.738133	5.862545	5.928230	5.928230	5.862545	5.738133	5.568220	5.370979	5.167658	4.980333	4.829497	4.731758	4.697928	
0.32	|	4.701974	4.735580	4.832672	4.982515	5.168614	5.370615	5.566586	5.735412	5.859033	5.924301	5.924301	5.859033	5.735412	5.566586	5.370615	5.168614	4.982515	4.832672	4.735580	4.701974	
0.32	|	4.705993	4.739377	4.835827	4.984684	5.169566	5.370255	5.564963	5.732708	5.855543	5.920397	5.920397	5.855543	5.732708	5.564963	5.370255	5.169566	4.984684	4.835827	4.739377	4.705993	
0.32	|	4.709986	4.743148	4.838961	4.986838	5.170511	5.369898	5.563350	5.730022	5.852075	5.916518	5.916518	5.852075	5.730022	5.563350	5.369898	5.170511	4.986838	4.838961	4.743148	4.709986	
0.33	|	4.713952	4.746895	4.842075	4.988979	5.171451	5.369543	5.561749	5.727354	5.848630	5.912664	5.912664	5.848630	5.727354	5.561749	5.369543	5.171451	4.988979	4.842075	4.746895	4.713952	
0.33	|	4.717892	4.750617	4.845168	4.991106	5.172386	5.369191	5.560158	5.724703	5.845206	5.908834	5.908834	5.845206	5.724703	5.560158	5.369191	5.172386	4.991106	4.845168	4.750617	4.717892	
0.33	|	4.721806	4.754314	4.848241	4.993220	5.173314	5.368842	5.558578	5.722069	5.841804	5.905029	5.905029	5.841804	5.722069	5.558578	5.368842	5.173314	4.993220	4.848241	4.754314	4.721806	
0.33	|	4.725694	4.757987	4.851294	4.995320	5.174238	5.368496	5.557009	5.719452	5.838425	5.901247	5.901247	5.838425	5.719452	5.557009	5.368496	5.174238	4.995320	4.851294	4.757987	4.725694	
0.33	|	4.729557	4.761636	4.854328	4.997407	5.175155	5.368153	5.555450	5.716852	5.835066	5.897490	5.897490	5.835066	5.716852	5.555450	5.368153	5.175155	4.997407	4.854328	4.761636	4.729557	
0.33	|	4.733394	4.765261	4.857341	4.999481	5.176068	5.367812	5.553901	5.714269	5.831730	5.893756	5.893756	5.831730	5.714269	5.553901	5.367812	5.176068	4.999481	4.857341	4.765261	4.733394	
0.33	|	4.737205	4.768862	4.860335	5.001541	5.176974	5.367474	5.552363	5.711703	5.828414	5.890047	5.890047	5.828414	5.711703	5.552363	5.367474	5.176974	5.001541	4.860335	4.768862	4.737205	
0.33	|	4.740991	4.772439	4.863309	5.003588	5.177876	5.367139	5.550835	5.709154	5.825120	5.886360	5.886360	5.825120	5.709154	5.550835	5.367139	5.177876	5.003588	4.863309	4.772439	4.740991	
0.34	|	4.744752	4.775992	4.866264	5.005622	5.178771	5.366806	5.549318	5.706621	5.821847	5.882698	5.882698	5.821847	5.706621	5.549318	5.366806	5.178771	5.005622	4.866264	4.775992	4.744752	
0.34	|	4.748489	4.779523	4.869199	5.007643	5.179662	5.366476	5.547810	5.704105	5.818595	5.879058	5.879058	5.818595	5.704105	5.547810	5.366476	5.179662	5.007643	4.869199	4.779523	4.748489	
0.34	|	4.752201	4.783030	4.872116	5.009651	5.180547	5.366149	5.546313	5.701605	5.815364	5.875442	5.875442	5.815364	5.701605	5.546313	5.366149	5.180547	5.009651	4.872116	4.783030	4.752201	
0.34	|	4.755888	4.786514	4.875013	5.011646	5.181427	5.365824	5.544826	5.699121	5.812153	5.871849	5.871849	5.812153	5.699121	5.544826	5.365824	5.181427	5.011646	4.875013	4.786514	4.755888	
0.34	|	4.759551	4.789975	4.877892	5.013629	5.182301	5.365501	5.543348	5.696653	5.808963	5.868279	5.868279	5.808963	5.696653	5.543348	5.365501	5.182301	5.013629	4.877892	4.789975	4.759551	
0.34	|	4.763190	4.793413	4.880752	5.015599	5.183170	5.365181	5.541881	5.694201	5.805794	5.864731	5.864731	5.805794	5.694201	5.541881	5.365181	5.183170	5.015599	4.880752	4.793413	4.763190	
0.34	|	4.766805	4.796829	4.883593	5.017556	5.184034	5.364864	5.540423	5.691766	5.802645	5.861206	5.861206	5.802645	5.691766	5.540423	5.364864	5.184034	5.017556	4.883593	4.796829	4.766805	
0.34	|	4.770396	4.800222	4.886416	5.019500	5.184892	5.364549	5.538975	5.689346	5.799516	5.857703	5.857703	5.799516	5.689346	5.538975	5.364549	5.184892	5.019500	4.886416	4.800222	4.770396	
0.35	|	4.773963	4.803593	4.889220	5.021433	5.185745	5.364236	5.537536	5.686941	5.796407	5.854223	5.854223	5.796407	5.686941	5.537536	5.364236	5.185745	5.021433	4.889220	4.803593	4.773963	
0.35	|	4.777507	4.806942	4.892006	5.023352	5.186594	5.363926	5.536107	5.684553	5.793318	5.850765	5.850765	5.793318	5.684553	5.536107	5.363926	5.186594	5.023352	4.892006	4.806942	4.777507	
0.35	|	4.781027	4.810268	4.894774	5.025260	5.187436	5.363618	5.534688	5.682180	5.790249	5.847330	5.847330	5.790249	5.682180	5.534688	5.363618	5.187436	5.025260	4.894774	4.810268	4.781027	
0.35	|	4.784525	4.813573	4.897524	5.027155	5.188274	5.363312	5.533278	5.679822	5.787199	5.843916	5.843916	5.787199	5.679822	5.533278	5.363312	5.188274	5.027155	4.897524	4.813573	4.784525	
0.35	|	4.787999	4.816857	4.900256	5.029039	5.189107	5.363009	5.531877	5.677480	5.784169	5.840524	5.840524	5.784169	5.677480	5.531877	5.363009	5.189107	5.029039	4.900256	4.816857	4.787999	
0.35	|	4.791451	4.820118	4.902970	5.030910	5.189934	5.362708	5.530486	5.675152	5.781159	5.837153	5.837153	5.781159	5.675152	5.530486	5.362708	5.189934	5.030910	4.902970	4.820118	4.791451	
0.35	|	4.794879	4.823359	4.905666	5.032769	5.190757	5.362410	5.529104	5.672840	5.778168	5.833804	5.833804	5.778168	5.672840	5.529104	5.362410	5.190757	5.032769	4.905666	4.823359	4.794879	
0.35	|	4.798286	4.826578	4.908345	5.034616	5.191574	5.362113	5.527731	5.670543	5.775196	5.830477	5.830477	5.775196	5.670543	5.527731	5.362113	5.191574	5.034616	4.908345	4.826578	4.798286	
0.36	|	4.801670	4.829776	4.911007	5.036451	5.192386	5.361819	5.526367	5.668261	5.772243	5.827170	5.827170	5.772243	5.668261	5.526367	5.361819	5.192386	5.036451	4.911007	4.829776	4.801670	
0.36	|	4.805031	4.832953	4.913651	5.038275	5.193194	5.361527	5.525012	5.665994	5.769309	5.823885	5.823885	5.769309	5.665994	5.525012	5.361527	5.193194	5.038275	4.913651	4.832953	4.805031	
0.36	|	4.808371	4.836109	4.916278	5.040087	5.193996	5.361237	5.523667	5.663741	5.766394	5.820621	5.820621	5.766394	5.663741	5.523667	5.361237	5.193996	5.040087	4.916278	4.836109	4.808371	
0.36	|	4.811689	4.839245	4.918888	5.041887	5.194794	5.360950	5.522330	5.661503	5.763498	5.817378	5.817378	5.763498	5.661503	5.522330	5.360950	5.194794	5.041887	4.918888	4.839245	4.811689	
0.36	|	4.814984	4.842360	4.921481	5.043676	5.195586	5.360664	5.521002	5.659280	5.760620	5.814156	5.814156	5.760620	5.659280	5.521002	5.360664	5.195586	5.043676	4.921481	4.842360	4.814984	
0.36	|	4.818259	4.845454	4.924057	5.045453	5.196374	5.360381	5.519683	5.657071	5.757761	5.810954	5.810954	5.757761	5.657071	5.519683	5.360381	5.196374	5.045453	4.924057	4.845454	4.818259	
0.36	|	4.821511	4.848529	4.926616	5.047219	5.197156	5.360099	5.518372	5.654876	5.754921	5.807772	5.807772	5.754921	5.654876	5.518372	5.360099	5.197156	5.047219	4.926616	4.848529	4.821511	
0.36	|	4.824743	4.851583	4.929159	5.048973	5.197934	5.359820	5.517070	5.652695	5.752098	5.804611	5.804611	5.752098	5.652695	5.517070	5.359820	5.197934	5.048973	4.929159	4.851583	4.824743	
0.37	|	4.827953	4.854617	4.931685	5.050716	5.198707	5.359543	5.515777	5.650529	5.749294	5.801471	5.801471	5.749294	5.650529	5.515777	5.359543	5.198707	5.050716	4.931685	4.854617	4.827953	
0.37	|	4.831142	4.857631	4.934194	5.052448	5.199476	5.359268	5.514492	5.648377	5.746507	5.798350	5.798350	5.746507	5.648377	5.514492	5.359268	5.199476	5.052448	4.934194	4.857631	4.831142	
0.37	|	4.834311	4.860626	4.936688	5.054169	5.200239	5.358995	5.513216	5.646239	5.743739	5.795250	5.795250	5.743739	5.646239	5.513216	5.358995	5.200239	5.054169	4.936688	4.860626	4.834311	
0.37	|	4.837458	4.863601	4.939165	5.055879	5.200998	5.358724	5.511949	5.644114	5.740989	5.792169	5.792169	5.740989	5.644114	5.511949	5.358724	5.200998	5.055879	4.939165	4.863601	4.837458	
0.37	|	4.840585	4.866556	4.941626	5.057578	5.201752	5.358455	5.510689	5.642004	5.738256	5.789108	5.789108	5.738256	5.642004	5.510689	5.358455	5.201752	5.057578	4.941626	4.866556	4.840585	
0.37	|	4.843691	4.869493	4.944071	5.059266	5.202501	5.358188	5.509438	5.639907	5.735541	5.786066	5.786066	5.735541	5.639907	5.509438	5.358188	5.202501	5.059266	4.944071	4.869493	4.843691	
0.37	|	4.846777	4.872410	4.946500	5.060943	5.203246	5.357923	5.508195	5.637823	5.732843	5.783045	5.783045	5.732843	5.637823	5.508195	5.357923	5.203246	5.060943	4.946500	4.872410	4.846777	
0.37	|	4.849843	4.875308	4.948913	5.062609	5.203986	5.357659	5.506961	5.635754	5.730162	5.780042	5.780042	5.730162	5.635754	5.506961	5.357659	5.203986	5.062609	4.948913	4.875308	4.849843	
0.38	|	4.852889	4.878187	4.951311	5.064265	5.204722	5.357398	5.505734	5.633697	5.727499	5.777059	5.777059	5.727499	5.633697	5.505734	5.357398	5.204722	5.064265	4.951311	4.878187	4.852889	
0.38	|	4.855915	4.881047	4.953693	5.065909	5.205453	5.357138	5.504516	5.631654	5.724853	5.774095	5.774095	5.724853	5.631654	5.504516	5.357138	5.205453	5.065909	4.953693	4.881047	4.855915	
0.38	|	4.858921	4.883888	4.956059	5.067544	5.206179	5.356881	5.503306	5.629625	5.722224	5.771150	5.771150	5.722224	5.629625	5.503306	5.356881	5.206179	5.067544	4.956059	4.883888	4.858921	
0.38	|	4.861907	4.886711	4.958410	5.069168	5.206901	5.356625	5.502103	5.627608	5.719612	5.768224	5.768224	5.719612	5.627608	5.502103	5.356625	5.206901	5.069168	4.958410	4.886711	4.861907	
0.38	|	4.864874	4.889516	4.960746	5.070781	5.207618	5.356371	5.500909	5.625604	5.717017	5.765317	5.765317	5.717017	5.625604	5.500909	5.356371	5.207618	5.070781	4.960746	4.889516	4.864874	
0.38	|	4.867821	4.892302	4.963067	5.072384	5.208331	5.356119	5.499722	5.623614	5.714439	5.762428	5.762428	5.714439	5.623614	5.499722	5.356119	5.208331	5.072384	4.963067	4.892302	4.867821	
0.38	|	4.870749	4.895070	4.965373	5.073976	5.209039	5.355869	5.498543	5.621636	5.711877	5.759558	5.759558	5.711877	5.621636	5.498543	5.355869	5.209039	5.073976	4.965373	4.895070	4.870749	
0.38	|	4.873658	4.897820	4.967663	5.075559	5.209743	5.355621	5.497372	5.619672	5.709331	5.756706	5.756706	5.709331	5.619672	5.497372	5.355621	5.209743	5.075559	4.967663	4.897820	4.873658	
0.39	|	4.876548	4.900552	4.969939	5.077131	5.210442	5.355374	5.496209	5.617720	5.706803	5.753873	5.753873	5.706803	5.617720	5.496209	5.355374	5.210442	5.077131	4.969939	4.900552	4.876548	
0.39	|	4.879419	4.903266	4.972200	5.078693	5.211137	5.355129	5.495053	5.615780	5.704290	5.751058	5.751058	5.704290	5.615780	5.495053	5.355129	5.211137	5.078693	4.972200	4.903266	4.879419	
0.39	|	4.882271	4.905962	4.974446	5.080245	5.211828	5.354886	5.493905	5.613853	5.701793	5.748261	5.748261	5.701793	5.613853	5.493905	5.354886	5.211828	5.080245	4.974446	4.905962	4.882271	
0.39	|	4.885105	4.908641	4.976678	5.081787	5.212514	5.354644	5.492765	5.611939	5.699313	5.745481	5.745481	5.699313	5.611939	5.492765	5.354644	5.212514	5.081787	4.976678	4.908641	4.885105	
0.39	|	4.887920	4.911302	4.978895	5.083319	5.213196	5.354405	5.491632	5.610037	5.696849	5.742720	5.742720	5.696849	5.610037	5.491632	5.354405	5.213196	5.083319	4.978895	4.911302	4.887920	
0.39	|	4.890717	4.913946	4.981098	5.084842	5.213874	5.354167	5.490506	5.608148	5.694400	5.739977	5.739977	5.694400	5.608148	5.490506	5.354167	5.213874	5.084842	4.981098	4.913946	4.890717	
0.39	|	4.893495	4.916573	4.983286	5.086354	5.214547	5.353930	5.489388	5.606271	5.691968	5.737251	5.737251	5.691968	5.606271	5.489388	5.353930	5.214547	5.086354	4.983286	4.916573	4.893495	
0.39	|	4.896256	4.919183	4.985460	5.087857	5.215217	5.353696	5.488277	5.604406	5.689551	5.734543	5.734543	5.689551	5.604406	5.488277	5.353696	5.215217	5.087857	4.985460	4.919183	4.896256	
0.40	|	4.898998	4.921775	4.987620	5.089350	5.215882	5.353463	5.487174	5.602553	5.687149	5.731852	5.731852	5.687149	5.602553	5.487174	5.353463	5.215882	5.089350	4.987620	4.921775	4.898998	
0.40	|	4.901722	4.924351	4.989766	5.090833	5.216543	5.353231	5.486077	5.600712	5.684763	5.729178	5.729178	5.684763	5.600712	5.486077	5.353231	5.216543	5.090833	4.989766	4.924351	4.901722	
0.40	|	4.904429	4.926910	4.991899	5.092307	5.217199	5.353001	5.484988	5.598883	5.682393	5.726522	5.726522	5.682393	5.598883	5.484988	5.353001	5.217199	5.092307	4.991899	4.926910	4.904429	
0.40	|	4.907118	4.929452	4.994017	5.093771	5.217852	5.352773	5.483906	5.597065	5.680038	5.723883	5.723883	5.680038	5.597065	5.483906	5.352773	5.217852	5.093771	4.994017	4.929452	4.907118	
0.40	|	4.909789	4.931977	4.996121	5.095226	5.218500	5.352547	5.482831	5.595260	5.677697	5.721261	5.721261	5.677697	5.595260	5.482831	5.352547	5.218500	5.095226	4.996121	4.931977	4.909789	
0.40	|	4.912443	4.934487	4.998212	5.096672	5.219144	5.352322	5.481763	5.593466	5.675373	5.718655	5.718655	5.675373	5.593466	5.481763	5.352322	5.219144	5.096672	4.998212	4.934487	4.912443	
0.40	|	4.915080	4.936979	5.000289	5.098108	5.219785	5.352098	5.480703	5.591684	5.673063	5.716067	5.716067	5.673063	5.591684	5.480703	5.352098	5.219785	5.098108	5.000289	4.936979	4.915080	
0.40	|	4.917699	4.939456	5.002353	5.099535	5.220421	5.351877	5.479649	5.589914	5.670768	5.713495	5.713495	5.670768	5.589914	5.479649	5.351877	5.220421	5.099535	5.002353	4.939456	4.917699	
0.41	|	4.920301	4.941916	5.004404	5.100952	5.221053	5.351656	5.478602	5.588155	5.668487	5.710939	5.710939	5.668487	5.588155	5.478602	5.351656	5.221053	5.100952	5.004404	4.941916	4.920301	
0.41	|	4.922887	4.944361	5.006441	5.102361	5.221681	5.351438	5.477562	5.586407	5.666222	5.708400	5.708400	5.666222	5.586407	5.477562	5.351438	5.221681	5.102361	5.006441	4.944361	4.922887	
0.41	|	4.925455	4.946789	5.008464	5.103760	5.222305	5.351221	5.476528	5.584671	5.663971	5.705878	5.705878	5.663971	5.584671	5.476528	5.351221	5.222305	5.103760	5.008464	4.946789	4.925455	
0.41	|	4.928007	4.949202	5.010475	5.105151	5.222926	5.351005	5.475502	5.582946	5.661735	5.703372	5.703372	5.661735	5.582946	5.475502	5.351005	5.222926	5.105151	5.010475	4.949202	4.928007	
0.41	|	4.930542	4.951599	5.012473	5.106532	5.223542	5.350791	5.474482	5.581232	5.659513	5.700881	5.700881	5.659513	5.581232	5.474482	5.350791	5.223542	5.106532	5.012473	4.951599	4.930542	
0.41	|	4.933060	4.953980	5.014457	5.107905	5.224154	5.350578	5.473469	5.579530	5.657305	5.698407	5.698407	5.657305	5.579530	5.473469	5.350578	5.224154	5.107905	5.014457	4.953980	4.933060	
0.41	|	4.935563	4.956346	5.016429	5.109269	5.224763	5.350367	5.472462	5.577838	5.655112	5.695949	5.695949	5.655112	5.577838	5.472462	5.350367	5.224763	5.109269	5.016429	4.956346	4.935563	
0.41	|	4.938048	4.958696	5.018388	5.110623	5.225368	5.350157	5.471463	5.576158	5.652933	5.693507	5.693507	5.652933	5.576158	5.471463	5.350157	5.225368	5.110623	5.018388	4.958696	4.938048	
0.42	|	4.940518	4.961031	5.020334	5.111970	5.225968	5.349949	5.470469	5.574488	5.650768	5.691080	5.691080	5.650768	5.574488	5.470469	5.349949	5.225968	5.111970	5.020334	4.961031	4.940518	
0.42	|	4.942972	4.963351	5.022268	5.113307	5.226565	5.349742	5.469482	5.572829	5.648617	5.688669	5.688669	5.648617	5.572829	5.469482	5.349742	5.226565	5.113307	5.022268	4.963351	4.942972	
0.42	|	4.945409	4.965656	5.024189	5.114636	5.227159	5.349536	5.468502	5.571181	5.646479	5.686274	5.686274	5.646479	5.571181	5.468502	5.349536	5.227159	5.114636	5.024189	4.965656	4.945409	
0.42	|	4.947831	4.967945	5.026098	5.115956	5.227748	5.349332	5.467528	5.569543	5.644356	5.683894	5.683894	5.644356	5.569543	5.467528	5.349332	5.227748	5.115956	5.026098	4.967945	4.947831	
0.42	|	4.950237	4.970220	5.027994	5.117268	5.228334	5.349130	5.466560	5.567916	5.642246	5.681529	5.681529	5.642246	5.567916	5.466560	5.349130	5.228334	5.117268	5.027994	4.970220	4.950237	
0.42	|	4.952627	4.972480	5.029878	5.118571	5.228916	5.348928	5.465599	5.566300	5.640150	5.679180	5.679180	5.640150	5.566300	5.465599	5.348928	5.228916	5.118571	5.029878	4.972480	4.952627	
0.42	|	4.955002	4.974726	5.031749	5.119866	5.229494	5.348729	5.464644	5.564694	5.638068	5.676846	5.676846	5.638068	5.564694	5.464644	5.348729	5.229494	5.119866	5.031749	4.974726	4.955002	
0.42	|	4.957361	4.976956	5.033609	5.121153	5.230068	5.348530	5.463695	5.563099	5.635999	5.674526	5.674526	5.635999	5.563099	5.463695	5.348530	5.230068	5.121153	5.033609	4.976956	4.957361	
0.43	|	4.959705	4.979172	5.035456	5.122431	5.230639	5.348333	5.462752	5.561514	5.633943	5.672222	5.672222	5.633943	5.561514	5.462752	5.348333	5.230639	5.122431	5.035456	4.979172	4.959705	
0.43	|	4.962033	4.981374	5.037292	5.123701	5.231207	5.348137	5.461816	5.559939	5.631901	5.669933	5.669933	5.631901	5.559939	5.461816	5.348137	5.231207	5.123701	5.037292	4.981374	4.962033	
0.43	|	4.964346	4.983562	5.039115	5.124962	5.231770	5.347943	5.460886	5.558374	5.629872	5.667658	5.667658	5.629872	5.558374	5.460886	5.347943	5.231770	5.124962	5.039115	4.983562	4.964346	
0.43	|	4.966645	4.985735	5.040927	5.126216	5.232330	5.347750	5.459962	5.556820	5.627855	5.665398	5.665398	5.627855	5.556820	5.459962	5.347750	5.232330	5.126216	5.040927	4.985735	4.966645	
0.43	|	4.968928	4.987894	5.042727	5.127462	5.232887	5.347558	5.459043	5.555276	5.625852	5.663153	5.663153	5.625852	5.555276	5.459043	5.347558	5.232887	5.127462	5.042727	4.987894	4.968928	
0.43	|	4.971197	4.990039	5.044515	5.128699	5.233440	5.347367	5.458131	5.553741	5.623862	5.660922	5.660922	5.623862	5.553741	5.458131	5.347367	5.233440	5.128699	5.044515	4.990039	4.971197	
0.43	|	4.973450	4.992170	5.046292	5.129928	5.233989	5.347178	5.457225	5.552217	5.621885	5.658706	5.658706	5.621885	5.552217	5.457225	5.347178	5.233989	5.129928	5.046292	4.992170	4.973450	
0.43	|	4.975689	4.994287	5.048057	5.131150	5.234535	5.346990	5.456325	5.550702	5.619921	5.656504	5.656504	5.619921	5.550702	5.456325	5.346990	5.234535	5.131150	5.048057	4.994287	4.975689	
0.44	|	4.977914	4.996391	5.049811	5.132364	5.235078	5.346804	5.455430	5.549198	5.617969	5.654316	5.654316	5.617969	5.549198	5.455430	5.346804	5.235078	5.132364	5.049811	4.996391	4.977914	
0.44	|	4.980124	4.998481	5.051553	5.133569	5.235617	5.346618	5.454541	5.547703	5.616030	5.652142	5.652142	5.616030	5.547703	5.454541	5.346618	5.235617	5.133569	5.051553	4.998481	4.980124	
0.44	|	4.982320	5.000557	5.053284	5.134767	5.236152	5.346434	5.453659	5.546218	5.614103	5.649982	5.649982	5.614103	5.546218	5.453659	5.346434	5.236152	5.134767	5.053284	5.000557	4.982320	
0.44	|	4.984501	5.002619	5.055004	5.135958	5.236684	5.346251	5.452782	5.544742	5.612189	5.647837	5.647837	5.612189	5.544742	5.452782	5.346251	5.236684	5.135958	5.055004	5.002619	4.984501	
0.44	|	4.986668	5.004669	5.056712	5.137140	5.237213	5.346070	5.451910	5.543276	5.610287	5.645705	5.645705	5.610287	5.543276	5.451910	5.346070	5.237213	5.137140	5.056712	5.004669	4.986668	
0.44	|	4.988821	5.006705	5.058410	5.138315	5.237738	5.345889	5.451045	5.541819	5.608398	5.643586	5.643586	5.608398	5.541819	5.451045	5.345889	5.237738	5.138315	5.058410	5.006705	4.988821	
0.44	|	4.990960	5.008727	5.060096	5.139482	5.238260	5.345710	5.450185	5.540372	5.606520	5.641482	5.641482	5.606520	5.540372	5.450185	5.345710	5.238260	5.139482	5.060096	5.008727	4.990960	
0.44	|	4.993085	5.010737	5.061772	5.140642	5.238779	5.345532	5.449330	5.538935	5.604655	5.639391	5.639391	5.604655	5.538935	5.449330	5.345532	5.238779	5.140642	5.061772	5.010737	4.993085	
0.45	|	4.995197	5.012733	5.063437	5.141794	5.239294	5.345356	5.448481	5.537506	5.602802	5.637314	5.637314	5.602802	5.537506	5.448481	5.345356	5.239294	5.141794	5.063437	5.012733	4.995197	
0.45	|	4.997294	5.014717	5.065091	5.142939	5.239806	5.345180	5.447638	5.536087	5.600961	5.635250	5.635250	5.600961	5.536087	5.447638	5.345180	5.239806	5.142939	5.065091	5.014717	4.997294	
0.45	|	4.999378	5.016688	5.066734	5.144077	5.240315	5.345006	5.446800	5.534677	5.599132	5.633199	5.633199	5.599132	5.534677	5.446800	5.345006	5.240315	5.144077	5.066734	5.016688	4.999378	
0.45	|	5.001448	5.018645	5.068366	5.145207	5.240821	5.344833	5.445968	5.533276	5.597314	5.631161	5.631161	5.597314	5.533276	5.445968	5.344833	5.240821	5.145207	5.068366	5.018645	5.001448	
0.45	|	5.003505	5.020590	5.069988	5.146329	5.241323	5.344661	5.445141	5.531885	5.595509	5.629137	5.629137	5.595509	5.531885	5.445141	5.344661	5.241323	5.146329	5.069988	5.020590	5.003505	
0.45	|	5.005549	5.022523	5.071599	5.147445	5.241822	5.344490	5.444319	5.530502	5.593715	5.627126	5.627126	5.593715	5.530502	5.444319	5.344490	5.241822	5.147445	5.071599	5.022523	5.005549	
0.45	|	5.007579	5.024443	5.073200	5.148553	5.242318	5.344320	5.443503	5.529128	5.591933	5.625128	5.625128	5.591933	5.529128	5.443503	5.344320	5.242318	5.148553	5.073200	5.024443	5.007579	
0.45	|	5.009596	5.026350	5.074791	5.149654	5.242810	5.344151	5.442692	5.527763	5.590162	5.623143	5.623143	5.590162	5.527763	5.442692	5.344151	5.242810	5.149654	5.074791	5.026350	5.009596	
0.46	|	5.011600	5.028245	5.076371	5.150748	5.243300	5.343984	5.441887	5.526408	5.588402	5.621170	5.621170	5.588402	5.526408	5.441887	5.343984	5.243300	5.150748	5.076371	5.028245	5.011600	
0.46	|	5.013591	5.030128	5.077941	5.151835	5.243786	5.343818	5.441087	5.525060	5.586654	5.619210	5.619210	5.586654	5.525060	5.441087	5.343818	5.243786	5.151835	5.077941	5.030128	5.013591	
0.46	|	5.015569	5.031998	5.079501	5.152915	5.244270	5.343653	5.440291	5.523722	5.584918	5.617263	5.617263	5.584918	5.523722	5.440291	5.343653	5.244270	5.152915	5.079501	5.031998	5.015569	
0.46	|	5.017534	5.033857	5.081051	5.153988	5.244750	5.343488	5.439502	5.522392	5.583192	5.615329	5.615329	5.583192	5.522392	5.439502	5.343488	5.244750	5.153988	5.081051	5.033857	5.017534	
0.46	|	5.019487	5.035703	5.082590	5.155054	5.245227	5.343325	5.438717	5.521071	5.581478	5.613407	5.613407	5.581478	5.521071	5.438717	5.343325	5.245227	5.155054	5.082590	5.035703	5.019487	
0.46	|	5.021426	5.037537	5.084120	5.156113	5.245701	5.343164	5.437937	5.519758	5.579775	5.611497	5.611497	5.579775	5.519758	5.437937	5.343164	5.245701	5.156113	5.084120	5.037537	5.021426	
0.46	|	5.023353	5.039360	5.085640	5.157165	5.246172	5.343003	5.437162	5.518454	5.578083	5.609600	5.609600	5.578083	5.518454	5.437162	5.343003	5.246172	5.157165	5.085640	5.039360	5.023353	
0.46	|	5.025268	5.041170	5.087149	5.158211	5.246640	5.342843	5.436393	5.517159	5.576402	5.607715	5.607715	5.576402	5.517159	5.436393	5.342843	5.246640	5.158211	5.087149	5.041170	5.025268	
0.47	|	5.027170	5.042969	5.088649	5.159250	5.247105	5.342684	5.435628	5.515872	5.574731	5.605842	5.605842	5.574731	5.515872	5.435628	5.342684	5.247105	5.159250	5.088649	5.042969	5.027170	
0.47	|	5.029060	5.044756	5.090140	5.160282	5.247567	5.342527	5.434869	5.514593	5.573072	5.603982	5.603982	5.573072	5.514593	5.434869	5.342527	5.247567	5.160282	5.090140	5.044756	5.029060	
0.47	|	5.030937	5.046531	5.091620	5.161307	5.248026	5.342370	5.434114	5.513322	5.571423	5.602133	5.602133	5.571423	5.513322	5.434114	5.342370	5.248026	5.161307	5.091620	5.046531	5.030937	
0.47	|	5.032802	5.048295	5.093091	5.162325	5.248482	5.342215	5.433364	5.512060	5.569785	5.600297	5.600297	5.569785	5.512060	5.433364	5.342215	5.248482	5.162325	5.093091	5.048295	5.032802	
0.47	|	5.034655	5.050048	5.094553	5.163338	5.248935	5.342060	5.432620	5.510806	5.568157	5.598472	5.598472	5.568157	5.510806	5.432620	5.342060	5.248935	5.163338	5.094553	5.050048	5.034655	
0.47	|	5.036496	5.051789	5.096005	5.164343	5.249385	5.341907	5.431880	5.509560	5.566540	5.596659	5.596659	5.566540	5.509560	5.431880	5.341907	5.249385	5.164343	5.096005	5.051789	5.036496	
0.47	|	5.038326	5.053519	5.097448	5.165342	5.249833	5.341754	5.431145	5.508322	5.564934	5.594858	5.594858	5.564934	5.508322	5.431145	5.341754	5.249833	5.165342	5.097448	5.053519	5.038326	
0.47	|	5.040143	5.055237	5.098881	5.166335	5.250277	5.341603	5.430414	5.507092	5.563338	5.593068	5.593068	5.563338	5.507092	5.430414	5.341603	5.250277	5.166335	5.098881	5.055237	5.040143	
0.48	|	5.041948	5.056945	5.100305	5.167321	5.250719	5.341453	5.429688	5.505870	5.561752	5.591290	5.591290	5.561752	5.505870	5.429688	5.341453	5.250719	5.167321	5.100305	5.056945	5.041948	
0.48	|	5.043742	5.058641	5.101720	5.168300	5.251157	5.341303	5.428968	5.504656	5.560176	5.589523	5.589523	5.560176	5.504656	5.428968	5.341303	5.251157	5.168300	5.101720	5.058641	5.043742	
0.48	|	5.045524	5.060326	5.103125	5.169274	5.251593	5.341155	5.428251	5.503450	5.558611	5.587768	5.587768	5.558611	5.503450	5.428251	5.341155	5.251593	5.169274	5.103125	5.060326	5.045524	
0.48	|	5.047295	5.062001	5.104522	5.170241	5.252026	5.341007	5.427540	5.502251	5.557056	5.586024	5.586024	5.557056	5.502251	5.427540	5.341007	5.252026	5.170241	5.104522	5.062001	5.047295	
0.48	|	5.049054	5.063664	5.105909	5.171202	5.252457	5.340861	5.426833	5.501061	5.555511	5.584292	5.584292	5.555511	5.501061	5.426833	5.340861	5.252457	5.171202	5.105909	5.063664	5.049054	
0.48	|	5.050801	5.065317	5.107287	5.172156	5.252884	5.340716	5.426131	5.499878	5.553976	5.582571	5.582571	5.553976	5.499878	5.426131	5.340716	5.252884	5.172156	5.107287	5.065317	5.050801	
0.48	|	5.052537	5.066959	5.108657	5.173105	5.253309	5.340571	5.425433	5.498703	5.552450	5.580861	5.580861	5.552450	5.498703	5.425433	5.340571	5.253309	5.173105	5.108657	5.066959	5.052537	
0.48	|	5.054262	5.068590	5.110017	5.174047	5.253731	5.340427	5.424739	5.497535	5.550935	5.579161	5.579161	5.550935	5.497535	5.424739	5.340427	5.253731	5.174047	5.110017	5.068590	5.054262	
0.49	|	5.055976	5.070211	5.111369	5.174983	5.254151	5.340285	5.424051	5.496375	5.549430	5.577473	5.577473	5.549430	5.496375	5.424051	5.340285	5.254151	5.174983	5.111369	5.070211	5.055976	
0.49	|	5.057679	5.071821	5.112712	5.175914	5.254567	5.340143	5.423367	5.495223	5.547934	5.575796	5.575796	5.547934	5.495223	5.423367	5.340143	5.254567	5.175914	5.112712	5.071821	5.057679	
0.49	|	5.059370	5.073421	5.114046	5.176838	5.254981	5.340003	5.422687	5.494078	5.546448	5.574130	5.574130	5.546448	5.494078	5.422687	5.340003	5.254981	5.176838	5.114046	5.073421	5.059370	
0.49	|	5.061051	5.075010	5.115372	5.177756	5.255393	5.339863	5.422011	5.492940	5.544971	5.572474	5.572474	5.544971	5.492940	5.422011	5.339863	5.255393	5.177756	5.115372	5.075010	5.061051	
0.49	|	5.062720	5.076589	5.116689	5.178668	5.255801	5.339724	5.421340	5.491810	5.543504	5.570829	5.570829	5.543504	5.491810	5.421340	5.339724	5.255801	5.178668	5.116689	5.076589	5.062720	
0.49	|	5.064379	5.078158	5.117998	5.179574	5.256207	5.339586	5.420674	5.490687	5.542047	5.569195	5.569195	5.542047	5.490687	5.420674	5.339586	5.256207	5.179574	5.117998	5.078158	5.064379	
0.49	|	5.066027	5.079716	5.119298	5.180475	5.256611	5.339449	5.420011	5.489572	5.540599	5.567572	5.567572	5.540599	5.489572	5.420011	5.339449	5.256611	5.180475	5.119298	5.079716	5.066027	
0.49	|	5.067665	5.081265	5.120589	5.181369	5.257012	5.339313	5.419353	5.488463	5.539160	5.565958	5.565958	5.539160	5.488463	5.419353	5.339313	5.257012	5.181369	5.120589	5.081265	5.067665	
0.50	|	5.069291	5.082803	5.121872	5.182258	5.257410	5.339178	5.418700	5.487362	5.537731	5.564356	5.564356	5.537731	5.487362	5.418700	5.339178	5.257410	5.182258	5.121872	5.082803	5.069291	
0.50	|	5.070908	5.084332	5.123147	5.183141	5.257806	5.339043	5.418050	5.486268	5.536311	5.562763	5.562763	5.536311	5.486268	5.418050	5.339043	5.257806	5.183141	5.123147	5.084332	5.070908	
0.50	|	5.072513	5.085850	5.124414	5.184019	5.258199	5.338910	5.417405	5.485181	5.534900	5.561181	5.561181	5.534900	5.485181	5.417405	5.338910	5.258199	5.184019	5.124414	5.085850	5.072513	
0.50	|	5.074108	5.087359	5.125672	5.184890	5.258589	5.338777	5.416764	5.484101	5.533498	5.559610	5.559610	5.533498	5.484101	5.416764	5.338777	5.258589	5.184890	5.125672	5.087359	5.074108	
