
Interval size: 0.01
x	 y
0.00	 1.000000
0.01	 0.996340
0.02	 0.992720
0.03	 0.989144
0.04	 0.985614
0.05	 0.982134
0.06	 0.978707
0.07	 0.975335
0.08	 0.972022
0.09	 0.968770
0.10	 0.965583
0.11	 0.962462
0.12	 0.959411
0.13	 0.956432
0.14	 0.953528
0.15	 0.950700
0.16	 0.947952
0.17	 0.945286
0.18	 0.942703
0.19	 0.940206
0.20	 0.937796
0.21	 0.935477
0.22	 0.933249
0.23	 0.931114
0.24	 0.929074
0.25	 0.927131
0.26	 0.925287
0.27	 0.923542
0.28	 0.921898
0.29	 0.920356
0.30	 0.918918
0.31	 0.917585
0.32	 0.916357
0.33	 0.915236
0.34	 0.914223
0.35	 0.913318
0.36	 0.912522
0.37	 0.911836
0.38	 0.911260
0.39	 0.910796
0.40	 0.910442
0.41	 0.910200
0.42	 0.910070
0.43	 0.910052
0.44	 0.910145
0.45	 0.910352
0.46	 0.910670
0.47	 0.911100
0.48	 0.911642
0.49	 0.912295
0.50	 0.913060
0.51	 0.913935
0.52	 0.914921
0.53	 0.916017
0.54	 0.917221
0.55	 0.918535
0.56	 0.919957
0.57	 0.921485
0.58	 0.923120
0.59	 0.924861
0.60	 0.926706
0.61	 0.928655
0.62	 0.930707
0.63	 0.932860
0.64	 0.935113
0.65	 0.937466
0.66	 0.939918
0.67	 0.942466
0.68	 0.945110
0.69	 0.947848
0.70	 0.950679
0.71	 0.953602
0.72	 0.956616
0.73	 0.959718
0.74	 0.962909
0.75	 0.966185
0.76	 0.969546
0.77	 0.972990
0.78	 0.976515
0.79	 0.980121
0.80	 0.983805
0.81	 0.987567
0.82	 0.991404
0.83	 0.995315
0.84	 0.999298
0.85	 1.003352
0.86	 1.007475
0.87	 1.011666
0.88	 1.015922
0.89	 1.020244
0.90	 1.024628
0.91	 1.029073
0.92	 1.033578
0.93	 1.038141
0.94	 1.042760
0.95	 1.047435
0.96	 1.052163
0.97	 1.056943
0.98	 1.061773
0.99	 1.066652
1.00	 1.071578
1.01	 1.076550
1.02	 1.081566
1.03	 1.086625
1.04	 1.091725
1.05	 1.096866
1.06	 1.102044
1.07	 1.107260
1.08	 1.112511
1.09	 1.117797
1.10	 1.123115
1.11	 1.128465
1.12	 1.133845
1.13	 1.139254
1.14	 1.144691
1.15	 1.150154
1.16	 1.155642
1.17	 1.161153
1.18	 1.166688
1.19	 1.172244
1.20	 1.177820
1.21	 1.183415
1.22	 1.189028
1.23	 1.194658
1.24	 1.200303
1.25	 1.205963
1.26	 1.211637
1.27	 1.217323
1.28	 1.223021
1.29	 1.228729
1.30	 1.234447
1.31	 1.240174
1.32	 1.245908
1.33	 1.251649
1.34	 1.257395
1.35	 1.263147
1.36	 1.268903
1.37	 1.274662
1.38	 1.280423
1.39	 1.286186
1.40	 1.291950
1.41	 1.297714
1.42	 1.303478
1.43	 1.309240
1.44	 1.314999
1.45	 1.320756
1.46	 1.326510
1.47	 1.332259
1.48	 1.338004
1.49	 1.343743
1.50	 1.349476
1.51	 1.355203
1.52	 1.360922
1.53	 1.366633
1.54	 1.372336
1.55	 1.378031
1.56	 1.383716
1.57	 1.389391
1.58	 1.395055
1.59	 1.400709
1.60	 1.406352
1.61	 1.411982
1.62	 1.417601
1.63	 1.423207
1.64	 1.428799
1.65	 1.434379
1.66	 1.439944
1.67	 1.445496
1.68	 1.451032
1.69	 1.456554
1.70	 1.462061
1.71	 1.467552
1.72	 1.473027
1.73	 1.478486
1.74	 1.483929
1.75	 1.489354
1.76	 1.494763
1.77	 1.500154
1.78	 1.505528
1.79	 1.510884
1.80	 1.516221
1.81	 1.521541
1.82	 1.526842
1.83	 1.532124
1.84	 1.537388
1.85	 1.542632
1.86	 1.547857
1.87	 1.553062
1.88	 1.558248
1.89	 1.563414
1.90	 1.568560
1.91	 1.573686
1.92	 1.578791
1.93	 1.583876
1.94	 1.588941
1.95	 1.593985
1.96	 1.599008
1.97	 1.604010
1.98	 1.608992
1.99	 1.613952
2.00	 1.618891
2.01	 1.623809
2.02	 1.628705
2.03	 1.633580
2.04	 1.638434
2.05	 1.643266
2.06	 1.648076
2.07	 1.652865
2.08	 1.657631
2.09	 1.662376
2.10	 1.667100
2.11	 1.671801
2.12	 1.676481
2.13	 1.681138
2.14	 1.685774
2.15	 1.690387
2.16	 1.694979
2.17	 1.699548
2.18	 1.704096
2.19	 1.708622
2.20	 1.713125
2.21	 1.717606
2.22	 1.722066
2.23	 1.726503
2.24	 1.730918
2.25	 1.735311
2.26	 1.739683
2.27	 1.744032
2.28	 1.748359
2.29	 1.752664
2.30	 1.756948
2.31	 1.761209
2.32	 1.765448
2.33	 1.769666
2.34	 1.773862
2.35	 1.778036
2.36	 1.782188
2.37	 1.786319
2.38	 1.790427
2.39	 1.794515
2.40	 1.798580
2.41	 1.802624
2.42	 1.806647
2.43	 1.810648
2.44	 1.814627
2.45	 1.818585
2.46	 1.822522
2.47	 1.826438
2.48	 1.830333
2.49	 1.834206
2.50	 1.838058
2.51	 1.841889
2.52	 1.845700
2.53	 1.849489
2.54	 1.853258
2.55	 1.857005
2.56	 1.860733
2.57	 1.864439
2.58	 1.868125
2.59	 1.871790
2.60	 1.875435
2.61	 1.879060
2.62	 1.882664
2.63	 1.886248
2.64	 1.889812
2.65	 1.893355
2.66	 1.896879
2.67	 1.900383
2.68	 1.903867
2.69	 1.907331
2.70	 1.910775
2.71	 1.914200
2.72	 1.917606
2.73	 1.920991
2.74	 1.924358
2.75	 1.927705
2.76	 1.931033
2.77	 1.934341
2.78	 1.937631
2.79	 1.940901
2.80	 1.944153
2.81	 1.947386
2.82	 1.950600
2.83	 1.953795
2.84	 1.956972
2.85	 1.960130
2.86	 1.963269
2.87	 1.966391
2.88	 1.969494
2.89	 1.972579
2.90	 1.975646
2.91	 1.978694
2.92	 1.981725
2.93	 1.984738
2.94	 1.987733
2.95	 1.990711
2.96	 1.993670
2.97	 1.996613
2.98	 1.999537
2.99	 2.002445
3.00	 2.005335
3.01	 2.008208
3.02	 2.011064
3.03	 2.013903
3.04	 2.016724
3.05	 2.019529
3.06	 2.022318
3.07	 2.025089
3.08	 2.027844
3.09	 2.030582
3.10	 2.033304
3.11	 2.036009
3.12	 2.038699
3.13	 2.041372
3.14	 2.044028
3.15	 2.046669
3.16	 2.049294
3.17	 2.051903
3.18	 2.054496
3.19	 2.057073
3.20	 2.059635
3.21	 2.062181
3.22	 2.064712
3.23	 2.067227
3.24	 2.069727
3.25	 2.072212
3.26	 2.074681
3.27	 2.077136
3.28	 2.079575
3.29	 2.082000
3.30	 2.084409
3.31	 2.086804
3.32	 2.089185
3.33	 2.091550
3.34	 2.093901
3.35	 2.096238
3.36	 2.098560
3.37	 2.100868
3.38	 2.103162
3.39	 2.105442
3.40	 2.107707
3.41	 2.109959
3.42	 2.112196
3.43	 2.114420
3.44	 2.116630
3.45	 2.118827
3.46	 2.121009
3.47	 2.123179
3.48	 2.125334
3.49	 2.127477
3.50	 2.129606
3.51	 2.131721
3.52	 2.133824
3.53	 2.135914
3.54	 2.137990
3.55	 2.140054
3.56	 2.142105
3.57	 2.144142
3.58	 2.146168
3.59	 2.148180
3.60	 2.150180
3.61	 2.152167
3.62	 2.154142
3.63	 2.156105
3.64	 2.158055
3.65	 2.159993
3.66	 2.161919
3.67	 2.163833
3.68	 2.165735
3.69	 2.167624
3.70	 2.169502
3.71	 2.171368
3.72	 2.173223
3.73	 2.175065
3.74	 2.176896
3.75	 2.178716
3.76	 2.180523
3.77	 2.182320
3.78	 2.184105
3.79	 2.185879
3.80	 2.187641
3.81	 2.189393
3.82	 2.191133
3.83	 2.192863
3.84	 2.194581
3.85	 2.196288
3.86	 2.197985
3.87	 2.199671
3.88	 2.201346
3.89	 2.203010
3.90	 2.204664
3.91	 2.206307
3.92	 2.207940
3.93	 2.209563
3.94	 2.211175
3.95	 2.212776
3.96	 2.214368
3.97	 2.215949
3.98	 2.217521
3.99	 2.219082
4.00	 2.220633
4.01	 2.222174
4.02	 2.223706
4.03	 2.225227
4.04	 2.226739
4.05	 2.228241
4.06	 2.229734
4.07	 2.231217
4.08	 2.232690
4.09	 2.234154
4.10	 2.235608
4.11	 2.237054
4.12	 2.238489
4.13	 2.239916
4.14	 2.241333
4.15	 2.242742
4.16	 2.244141
4.17	 2.245531
4.18	 2.246912
4.19	 2.248284
4.20	 2.249648
4.21	 2.251002
4.22	 2.252348
4.23	 2.253685
4.24	 2.255013
4.25	 2.256333
4.26	 2.257644
4.27	 2.258947
4.28	 2.260242
4.29	 2.261527
4.30	 2.262805
4.31	 2.264074
4.32	 2.265335
4.33	 2.266588
4.34	 2.267833
4.35	 2.269069
4.36	 2.270298
4.37	 2.271518
4.38	 2.272730
4.39	 2.273935
4.40	 2.275132
4.41	 2.276321
4.42	 2.277502
4.43	 2.278675
4.44	 2.279841
4.45	 2.280999
4.46	 2.282150
4.47	 2.283293
4.48	 2.284428
4.49	 2.285556
4.50	 2.286677
4.51	 2.287790
4.52	 2.288896
4.53	 2.289995
4.54	 2.291087
4.55	 2.292171
4.56	 2.293248
4.57	 2.294319
4.58	 2.295382
4.59	 2.296438
4.60	 2.297487
4.61	 2.298529
4.62	 2.299565
4.63	 2.300593
4.64	 2.301615
4.65	 2.302630
4.66	 2.303638
4.67	 2.304640
4.68	 2.305635
4.69	 2.306624
4.70	 2.307605
4.71	 2.308581
4.72	 2.309550
4.73	 2.310512
4.74	 2.311468
4.75	 2.312418
4.76	 2.313362
4.77	 2.314299
4.78	 2.315230
4.79	 2.316155
4.80	 2.317074
4.81	 2.317986
4.82	 2.318893
4.83	 2.319793
4.84	 2.320688
4.85	 2.321576
4.86	 2.322459
4.87	 2.323336
4.88	 2.324206
4.89	 2.325072
4.90	 2.325931
4.91	 2.326784
4.92	 2.327632
4.93	 2.328474
4.94	 2.329311
4.95	 2.330142
4.96	 2.330967
4.97	 2.331787
4.98	 2.332601
4.99	 2.333410
5.00	 2.334214
5.01	 2.335012

Interval size: 0.05
x	 y
0.00	 1.000000
0.05	 0.982134
0.10	 0.965583
0.15	 0.950700
0.20	 0.937796
0.25	 0.927131
0.30	 0.918918
0.35	 0.913318
0.40	 0.910442
0.45	 0.910352
0.50	 0.913060
0.55	 0.918535
0.60	 0.926706
0.65	 0.937466
0.70	 0.950679
0.75	 0.966185
0.80	 0.983805
0.85	 1.003352
0.90	 1.024628
0.95	 1.047435
1.00	 1.071578
1.05	 1.096866
1.10	 1.123115
1.15	 1.150154
1.20	 1.177820
1.25	 1.205963
1.30	 1.234447
1.35	 1.263147
1.40	 1.291950
1.45	 1.320756
1.50	 1.349476
1.55	 1.378031
1.60	 1.406352
1.65	 1.434379
1.70	 1.462061
1.75	 1.489354
1.80	 1.516221
1.85	 1.542632
1.90	 1.568560
1.95	 1.593985
2.00	 1.618891
2.05	 1.643266
2.10	 1.667100
2.15	 1.690387
2.20	 1.713125
2.25	 1.735311
2.30	 1.756948
2.35	 1.778036
2.40	 1.798580
2.45	 1.818586
2.50	 1.838058
2.55	 1.857005
2.60	 1.875435
2.65	 1.893355
2.70	 1.910775
2.75	 1.927705
2.80	 1.944153
2.85	 1.960130
2.90	 1.975646
2.95	 1.990711
3.00	 2.005335
3.05	 2.019529
3.10	 2.033304
3.15	 2.046669
3.20	 2.059635
3.25	 2.072212
3.30	 2.084409
3.35	 2.096238
3.40	 2.107707
3.45	 2.118827
3.50	 2.129606
3.55	 2.140054
3.60	 2.150180
3.65	 2.159993
3.70	 2.169502
3.75	 2.178716
3.80	 2.187641
3.85	 2.196288
3.90	 2.204664
3.95	 2.212776
4.00	 2.220633
4.05	 2.228241
4.10	 2.235608
4.15	 2.242742
4.20	 2.249648
4.25	 2.256333
4.30	 2.262805
4.35	 2.269069
4.40	 2.275132
4.45	 2.280999
4.50	 2.286677
4.55	 2.292171
4.60	 2.297487
4.65	 2.302630
4.70	 2.307605
4.75	 2.312418
4.80	 2.317074
4.85	 2.321576
4.90	 2.325931
4.95	 2.330142
5.00	 2.334214
5.05	 2.338151

Interval size: 0.2
x	 y
0.00	 1.000000
0.20	 0.937797
0.40	 0.910445
0.60	 0.926711
0.80	 0.983812
1.00	 1.071586
1.20	 1.177827
1.40	 1.291957
1.60	 1.406358
1.80	 1.516227
2.00	 1.618896
2.20	 1.713130
2.40	 1.798584
2.60	 1.875439
2.80	 1.944157
3.00	 2.005339
3.20	 2.059638
3.40	 2.107710
3.60	 2.150183
3.80	 2.187644
4.00	 2.220636
4.20	 2.249650
4.40	 2.275135
4.60	 2.297490
4.80	 2.317076
5.00	 2.334216

Interval size: 0.5
x	 y
0.00	 1.000000
0.50	 0.913193
1.00	 1.071926
1.50	 1.349783
2.00	 1.619126
2.50	 1.838249
3.00	 2.005498
3.50	 2.129750
4.00	 2.220765
4.50	 2.286800
5.00	 2.334331
